cell,r0,r1,r2,r3,r4,r5,r6,r7,r8,r9
I0,0,0,2,2,0,0,0,0,0,0
I1,0,0,2,2,2,1,0,0,0,1
I2,0,0,2,2,2,1,0,0,0,1
I3,1,0,2,2,2,1,2,0,1,1
216_10,1,0,2,2,2,1,2,0,1,1
216_9,1,0,2,2,2,1,2,0,1,1
I4,0,0,2,2,2,1,0,0,0,1
216_12,0,0,2,2,2,1,0,0,0,1
216_11,0,2,2,2,2,1,0,0,0,1
I5,2,0,2,2,2,1,0,0,1,1
I6,2,0,2,2,2,1,2,0,1,1
216_14,2,0,2,2,2,1,2,0,1,1
216_13,2,0,2,2,2,1,2,0,1,1
I7,2,0,2,2,2,1,0,0,1,1
216_16,2,0,2,2,2,1,0,0,1,1
216_15,2,0,2,2,2,1,0,0,1,1
I8,0,0,2,2,0,0,0,2,0,0
I9,0,0,2,2,0,0,1,2,0,0
216_2,2,0,2,2,0,1,1,2,1,0
I10,0,0,2,2,0,2,1,2,0,2
216_4,0,0,2,2,2,2,1,2,0,2
216_3,0,0,2,2,0,2,1,2,0,2
I11,1,0,2,2,0,2,0,2,0,0
I12,1,0,2,2,0,2,1,2,2,0
216_6,1,2,2,2,0,2,1,2,2,0
216_5,1,0,2,2,2,2,1,2,2,0
I13,1,0,2,2,0,2,0,2,0,0
216_8,1,0,2,2,0,2,0,2,0,0
216_7,1,0,2,2,0,2,0,2,0,2
Evolve tree: [&R] ((((216_7:21,216_8:21)I13:43,(216_5:19,216_6:19)I12:45)I11:45,((216_3:15,216_4:15)I10:45,216_2:60)I9:49)I8:49,(((216_15:18,216_16:18)I7:38,(216_13:7,216_14:7)I6:49)I5:45,((216_11:11,216_12:11)I4:39,(216_9:10,216_10:10)I3:40)I2:51)I1:57)I0:57;