cell,r0,r1,r2,r3,r4,r5,r6,r7,r8,r9,r10,r11,r12,r13,r14,r15,r16,r17,r18,r19,r20,r21,r22,r23,r24,r25,r26,r27,r28,r29,r30,r31,r32,r33,r34,r35,r36,r37,r38,r39,r40,r41,r42,r43,r44,r45,r46,r47,r48,r49
I0,0,0,0,2,2,0,0,0,0,0,0,0,0,0,0,1,2,0,0,0,1,0,0,0,0,0,0,0,0,0,0,0,2,0,0,1,0,0,0,0,2,0,2,0,2,1,0,0,1,0
I1,0,0,0,2,2,0,0,0,0,1,0,0,0,0,0,1,2,0,2,2,1,0,1,2,1,0,0,0,0,0,0,0,2,0,2,1,0,1,2,0,2,0,2,1,2,1,0,2,1,0
I2,1,0,1,2,2,0,0,0,0,1,0,0,0,1,2,1,2,1,2,2,1,0,1,2,1,0,0,0,0,0,0,0,2,0,2,1,0,1,2,1,2,0,2,1,2,1,0,2,1,0
I3,1,1,1,2,2,1,0,1,0,1,0,0,2,1,2,1,2,1,2,2,1,0,1,2,1,0,0,0,0,0,2,0,2,2,2,1,0,1,2,1,2,0,2,1,2,1,0,2,1,0
216_9,1,1,1,2,2,1,0,1,0,1,1,0,2,1,2,1,2,1,2,2,1,0,1,2,1,0,0,0,2,0,2,0,2,2,2,1,0,1,2,1,2,0,2,1,2,1,0,2,1,0
216_8,1,1,1,2,2,1,0,1,0,1,1,0,2,1,2,1,2,1,2,2,1,0,1,2,1,0,0,1,0,0,2,0,2,2,2,1,0,1,2,1,2,0,2,1,2,1,0,2,1,0
I4,1,0,1,2,2,0,0,0,0,1,1,0,1,1,2,1,2,1,2,2,1,0,1,2,1,0,1,0,2,0,0,0,2,0,2,1,0,1,2,1,2,0,2,1,2,1,0,2,1,0
216_11,1,1,1,2,2,0,0,0,0,1,1,0,1,1,2,1,2,1,2,2,1,0,1,2,1,0,1,1,2,1,0,0,2,0,2,1,0,1,2,1,2,0,2,1,2,1,0,2,1,0
216_10,1,0,1,2,2,0,0,0,0,1,1,0,1,1,2,1,2,1,2,2,1,0,1,2,1,0,1,0,2,0,0,0,2,0,2,1,0,1,2,1,2,0,2,1,2,1,0,2,1,0
I5,0,2,0,2,2,0,0,0,0,1,0,1,1,0,0,1,2,2,2,2,1,0,1,2,1,0,2,0,0,2,0,1,2,0,2,1,0,1,2,0,2,2,2,1,2,1,0,2,1,1
I6,0,2,0,2,2,0,0,2,2,1,1,1,1,0,0,1,2,2,2,2,1,2,1,2,1,2,2,0,0,2,0,1,2,0,2,1,1,1,2,0,2,2,2,1,2,1,0,2,1,1
216_15,0,2,2,2,2,0,0,2,2,1,1,1,1,0,0,1,2,2,2,2,1,2,1,2,1,2,2,0,0,2,0,1,2,0,2,1,1,1,2,0,2,2,2,1,2,1,0,2,1,1
216_14,0,2,2,2,2,0,0,2,2,1,1,1,1,0,0,1,2,2,2,2,1,2,1,2,1,2,2,0,0,2,0,1,2,0,2,1,1,1,2,0,2,2,2,1,2,1,0,2,1,1
I7,0,2,0,2,2,0,2,0,2,1,0,1,1,0,0,1,2,2,2,2,1,2,1,2,1,0,2,0,0,2,0,1,2,1,2,1,0,1,2,1,2,2,2,1,2,1,2,2,1,1
216_13,1,2,0,2,2,0,2,0,2,1,0,1,1,0,0,1,2,2,2,2,1,2,1,2,1,1,2,0,0,2,0,1,2,1,2,1,0,1,2,1,2,2,2,1,2,1,2,2,1,1
216_12,0,2,0,2,2,0,2,0,2,1,1,1,1,0,0,1,2,2,2,2,1,2,1,2,1,0,2,0,0,2,0,1,2,1,2,1,0,1,2,1,2,2,2,1,2,1,2,2,1,1
I8,0,0,0,2,2,0,0,2,0,0,0,0,1,0,0,1,2,0,0,1,1,0,0,0,0,0,1,0,0,1,2,0,2,0,1,1,1,1,0,0,2,0,2,0,2,1,0,1,1,0
I9,1,0,1,2,2,1,0,2,2,0,1,1,1,0,2,1,2,2,0,1,1,0,1,1,1,0,1,0,0,1,2,0,2,2,1,1,1,1,0,0,2,1,2,2,2,1,0,1,1,2
216_2,1,0,1,2,2,1,0,2,2,0,1,1,1,0,2,1,2,2,1,1,1,0,1,1,1,2,1,0,0,1,2,0,2,2,1,1,1,1,0,0,2,1,2,2,2,1,0,1,1,2
216_1,1,0,1,2,2,1,0,2,2,0,1,1,1,0,2,1,2,2,0,1,1,0,1,1,1,0,1,0,0,1,2,0,2,2,1,1,1,1,0,0,2,1,2,2,2,1,0,1,1,2
I10,2,1,0,2,2,2,0,2,2,0,2,0,1,0,0,1,2,2,0,1,1,0,0,0,0,0,1,0,0,1,2,1,2,0,1,1,1,1,2,0,2,0,2,0,2,1,0,1,1,0
I11,2,1,0,2,2,2,1,2,2,2,2,0,1,2,1,1,2,2,0,1,1,0,0,0,0,0,1,0,0,1,2,1,2,2,1,1,1,1,2,0,2,0,2,1,2,1,0,1,1,0
216_5,2,1,0,2,2,2,1,2,2,2,2,0,1,2,1,1,2,2,0,1,1,0,0,0,0,0,1,2,0,1,2,1,2,2,1,1,1,1,2,0,2,0,2,1,2,1,0,1,1,0
216_4,2,1,0,2,2,2,1,2,2,2,2,0,1,2,1,1,2,2,0,1,1,0,0,0,0,1,1,0,0,1,2,1,2,2,1,1,1,1,2,0,2,0,2,1,2,1,0,1,1,0
I12,2,1,0,2,2,2,0,2,2,0,2,0,1,0,1,1,2,2,0,1,1,0,0,2,0,2,1,2,2,1,2,1,2,1,1,1,1,1,2,0,2,0,2,1,2,1,0,1,1,2
216_7,2,1,0,2,2,2,0,2,2,0,2,0,1,0,1,1,2,2,0,1,1,0,0,2,0,2,1,2,2,1,2,1,2,1,1,1,1,1,2,0,2,0,2,1,2,1,0,1,1,2
216_6,2,1,0,2,2,2,0,2,2,0,2,0,1,0,1,1,2,2,2,1,1,0,0,2,1,2,1,2,2,1,2,1,2,1,1,1,1,1,2,0,2,0,2,1,2,1,0,1,1,2
Evolve tree: [&R] ((((216_6:16,216_7:16)I12:43,(216_4:10,216_5:10)I11:49)I10:67,(216_1:12,216_2:12)I9:114)I8:57,(((216_12:25,216_13:25)I7:49,(216_14:23,216_15:23)I6:51)I5:51,((216_10:22,216_11:22)I4:44,(216_8:21,216_9:21)I3:45)I2:59)I1:58)I0:32;