cell,r0,r1,r2,r3,r4,r5,r6,r7,r8,r9,r10,r11,r12,r13,r14,r15,r16,r17,r18,r19,r20,r21,r22,r23,r24,r25,r26,r27,r28,r29,r30,r31,r32,r33,r34,r35,r36,r37,r38,r39,r40,r41,r42,r43,r44,r45,r46,r47,r48,r49
I0,0,0,2,2,0,0,0,0,0,0,0,0,0,0,0,0,0,0,0,0,0,1,0,1,0,0,0,0,0,0,1,0,2,0,0,2,0,0,2,0,0,0,2,0,0,0,0,0,0,0
I1,2,1,2,2,1,1,2,1,0,0,2,1,0,1,0,0,2,0,0,0,2,1,1,1,0,0,1,2,2,1,1,0,2,2,0,2,0,0,2,0,0,2,2,0,0,1,1,2,0,0
I2,2,1,2,2,1,1,2,1,0,0,2,1,0,1,0,0,2,2,2,0,2,1,1,1,0,0,1,2,2,1,1,2,2,2,0,2,2,0,2,0,0,2,2,0,0,1,1,2,0,2
216_4,2,1,2,2,1,1,2,1,0,0,2,1,0,1,0,0,2,2,2,0,2,1,1,1,0,0,1,2,2,1,1,2,2,2,0,2,2,0,2,0,0,2,2,0,0,1,1,2,0,2
216_3,2,1,2,2,1,1,2,1,0,0,2,1,0,1,0,0,2,2,2,0,2,1,1,1,0,0,1,2,2,1,1,2,2,2,0,2,2,0,2,0,0,2,2,0,0,1,1,2,0,2
I3,2,1,2,2,1,1,2,1,1,0,2,1,2,1,0,0,2,0,1,0,2,1,1,1,0,0,1,2,2,1,1,1,2,2,0,2,0,0,2,2,2,2,2,1,0,1,1,2,0,1
216_2,2,1,2,2,1,1,2,1,1,0,2,1,2,1,0,0,2,0,1,0,2,1,1,1,0,0,1,2,2,1,1,1,2,2,0,2,0,0,2,2,2,2,2,1,0,1,1,2,0,1
216_1,2,1,2,2,1,1,2,1,1,0,2,1,2,1,0,0,2,0,1,0,2,1,1,1,0,2,1,2,2,1,1,1,2,2,0,2,0,0,2,2,2,2,2,1,0,1,1,2,0,1
I4,0,1,2,2,0,0,0,0,0,0,1,0,0,0,1,1,1,0,0,0,2,1,0,1,0,1,0,0,1,0,1,1,2,0,0,2,2,1,2,0,0,1,2,2,1,0,0,0,0,0
I5,1,1,2,2,1,0,1,0,0,2,1,0,0,0,1,1,1,0,0,0,2,1,2,1,2,1,1,0,1,0,1,1,2,1,0,2,2,1,2,1,1,1,2,2,1,0,0,0,1,0
I6,1,1,2,2,1,0,1,0,0,2,1,2,0,0,1,1,1,0,2,0,2,1,2,1,2,1,1,0,1,2,1,1,2,1,0,2,2,1,2,1,1,1,2,2,1,0,0,1,1,0
216_8,1,1,2,2,1,0,1,0,0,2,1,2,0,0,1,1,1,0,2,0,2,1,2,1,2,1,1,0,1,2,1,1,2,1,0,2,2,1,2,1,1,1,2,2,1,0,0,1,1,0
216_7,1,1,2,2,1,0,1,0,0,2,1,2,0,0,1,1,1,0,2,0,2,1,2,1,2,1,1,0,1,2,1,1,2,1,0,2,2,1,2,1,1,1,2,2,1,0,0,1,1,0
I7,1,1,2,2,1,0,1,2,0,2,1,0,0,0,1,1,1,0,0,0,2,1,2,1,2,1,1,0,1,0,1,1,2,1,1,2,2,1,2,1,1,1,2,2,1,0,0,0,1,0
216_10,1,1,2,2,1,0,1,2,0,2,1,0,0,0,1,1,1,0,0,0,2,1,2,1,2,1,1,0,1,0,1,1,2,1,1,2,2,1,2,1,1,1,2,2,1,0,0,0,1,0
216_9,1,1,2,2,1,0,1,2,0,2,1,0,0,0,1,1,1,0,0,0,2,1,2,1,2,1,1,0,1,0,1,1,2,1,1,2,2,1,2,1,1,1,2,2,1,0,0,0,1,0
I8,0,1,2,2,2,0,0,0,0,0,1,0,0,0,1,1,1,0,0,0,2,1,0,1,0,1,0,0,1,0,1,1,2,0,0,2,2,1,2,0,2,1,2,2,1,0,0,0,2,0
216_6,0,1,2,2,2,0,1,2,1,0,1,0,0,2,1,1,1,1,2,0,2,1,0,1,0,1,2,0,1,0,1,1,2,2,0,2,2,1,2,0,2,1,2,2,1,0,0,1,2,0
216_5,0,1,2,2,2,0,0,1,0,0,1,1,0,0,1,1,1,0,2,2,2,1,2,1,0,1,1,0,1,0,1,1,2,2,1,2,2,1,2,1,2,1,2,2,1,0,0,0,2,0
Evolve tree: [&R] (((216_5:61,216_6:61)I8:63,((216_9:5,216_10:5)I7:46,(216_7:4,216_8:4)I6:47)I5:73)I4:55,((216_1:14,216_2:14)I3:55,(216_3:3,216_4:3)I2:66)I1:110)I0:36;