cell,r0,r1,r2,r3,r4,r5,r6,r7,r8,r9,r10,r11,r12,r13,r14,r15,r16,r17,r18,r19,r20,r21,r22,r23,r24,r25,r26,r27,r28,r29,r30,r31,r32,r33,r34,r35,r36,r37,r38,r39,r40,r41,r42,r43,r44,r45,r46,r47,r48,r49,r50,r51,r52,r53,r54,r55,r56,r57,r58,r59,r60,r61,r62,r63,r64,r65,r66,r67,r68,r69,r70,r71,r72,r73,r74,r75,r76,r77,r78,r79,r80,r81,r82,r83,r84,r85,r86,r87,r88,r89,r90,r91,r92,r93,r94,r95,r96,r97,r98,r99,r100,r101,r102,r103,r104,r105,r106,r107,r108,r109,r110,r111,r112,r113,r114,r115,r116,r117,r118,r119,r120,r121,r122,r123,r124,r125,r126,r127,r128,r129,r130,r131,r132,r133,r134,r135,r136,r137,r138,r139,r140,r141,r142,r143,r144,r145,r146,r147,r148,r149,r150,r151,r152,r153,r154,r155,r156,r157,r158,r159,r160,r161,r162,r163,r164,r165,r166,r167,r168,r169,r170,r171,r172,r173,r174,r175,r176,r177,r178,r179,r180,r181,r182,r183,r184,r185,r186,r187,r188,r189,r190,r191,r192,r193,r194,r195,r196,r197,r198,r199
I0,0,0,0,0,0,0,0,0,0,0,0,0,0,0,0,0,0,0,0,0,0,0,0,0,0,0,0,0,0,0,0,0,0,0,0,0,0,0,0,0,0,0,0,0,0,0,0,0,0,0,0,0,0,0,0,0,0,0,0,0,0,0,0,0,0,0,0,0,0,0,0,0,0,0,0,0,0,0,0,0,0,0,0,0,0,0,0,0,0,0,0,0,0,0,0,0,0,0,0,0,0,0,0,0,0,0,0,0,0,0,0,0,0,0,0,0,0,0,0,0,0,0,0,0,0,0,0,0,0,0,0,0,0,0,0,0,0,0,0,0,0,0,0,0,0,0,0,0,0,0,0,0,0,0,0,0,0,0,0,0,0,0,0,0,0,0,0,0,0,0,0,0,0,0,0,0,0,0,0,0,0,0,0,0,0,0,0,0,0,0,0,0,0,0,0,0,0,0,0,0
I1,2,0,0,0,0,0,1,0,0,2,0,0,0,0,0,0,0,0,0,0,0,0,0,0,0,0,0,0,0,0,0,0,0,2,0,0,2,0,0,1,1,0,0,0,0,2,0,2,0,0,0,0,0,0,0,2,0,0,0,0,0,0,0,0,0,0,0,0,0,0,0,0,0,2,0,0,0,0,0,0,0,0,0,0,0,0,0,0,0,0,0,0,0,0,1,0,0,0,0,0,0,0,0,0,0,2,1,0,0,0,0,0,1,0,0,0,0,0,0,0,0,0,0,0,0,0,0,0,0,0,0,0,0,1,0,0,0,0,0,0,0,0,0,0,0,0,0,0,0,0,0,0,0,0,0,0,0,0,0,0,0,0,0,0,1,0,0,0,0,0,0,0,0,0,0,0,0,0,0,0,0,1,0,0,0,0,0,0,2,0,0,0,0,1,0,0,0,0,0,0
I2,2,1,1,1,2,2,1,0,1,2,0,0,0,2,0,1,1,1,1,2,2,1,1,1,0,1,0,2,2,1,2,1,1,2,2,1,2,1,0,1,1,0,1,0,1,2,1,2,1,0,1,2,1,1,1,2,0,1,2,2,1,0,0,2,2,2,1,1,1,1,2,0,2,2,1,0,0,0,2,0,2,2,2,0,1,0,2,2,0,2,1,2,0,0,1,2,1,1,2,1,2,1,0,0,0,2,1,1,0,1,1,2,1,2,2,1,0,1,0,0,1,2,2,1,0,2,0,0,0,1,1,2,2,1,2,0,0,1,0,1,2,0,0,0,1,1,0,1,1,2,0,2,0,2,1,1,0,2,2,0,2,0,1,2,1,2,1,1,0,0,0,1,1,2,0,2,1,0,0,0,1,1,1,2,1,1,2,1,2,0,0,1,2,1,2,1,1,1,0,0
216_4,2,1,1,1,2,2,1,0,1,2,0,0,0,2,0,1,1,1,1,2,2,1,1,1,0,1,0,2,2,1,2,1,1,2,2,1,2,1,0,1,1,0,1,0,1,2,1,2,1,0,1,2,1,1,1,2,0,1,2,2,1,0,0,2,2,2,1,1,1,1,2,0,2,2,1,0,0,1,2,0,2,2,2,0,1,0,2,2,0,2,1,2,1,0,1,2,1,1,2,1,2,1,2,0,0,2,1,1,1,1,1,2,1,2,2,1,0,1,0,0,1,2,2,1,0,2,0,0,0,1,1,2,2,1,2,0,0,1,0,1,2,0,0,0,1,1,0,1,1,2,0,2,0,2,1,1,0,2,2,0,2,0,1,2,1,2,1,1,0,0,0,1,1,2,0,2,1,0,0,0,1,1,1,2,1,1,2,1,2,0,0,1,2,1,2,1,1,1,0,0
216_3,2,1,1,1,2,2,1,0,1,2,0,0,0,2,0,1,1,1,1,2,2,1,1,1,0,1,1,2,2,1,2,1,1,2,2,1,2,1,2,1,1,0,1,0,1,2,1,2,1,0,1,2,1,1,1,2,0,1,2,2,1,0,0,2,2,2,1,1,1,1,2,0,2,2,1,0,0,0,2,0,2,2,2,0,1,0,2,2,0,2,1,2,0,0,1,2,1,1,2,1,2,1,0,2,0,2,1,1,0,1,1,2,1,2,2,1,0,1,0,0,1,2,2,1,0,2,0,0,0,1,1,2,2,1,2,0,0,1,1,1,2,0,0,0,1,1,0,1,1,2,0,2,0,2,1,1,0,2,2,0,2,0,1,2,1,2,1,1,0,0,0,1,1,2,0,2,1,0,0,1,1,1,1,2,1,1,2,1,2,0,0,1,2,1,2,1,1,1,0,0
I3,2,1,0,1,0,2,1,2,0,2,1,0,0,0,0,2,0,2,0,0,2,0,2,2,0,1,2,0,2,2,1,0,2,2,2,0,2,2,0,1,1,2,2,0,0,2,0,2,0,0,0,0,0,2,2,2,2,2,1,0,0,0,0,0,2,0,0,0,0,1,1,2,1,2,2,0,1,0,2,2,2,0,2,2,0,2,1,1,0,0,1,1,2,2,1,0,0,1,2,0,2,0,1,0,0,2,1,1,0,1,0,2,1,2,1,0,2,0,0,2,0,0,1,0,1,1,0,0,0,0,2,2,0,1,2,0,2,0,1,1,0,2,2,1,0,1,1,0,0,0,0,0,0,0,1,0,1,0,1,0,0,2,1,0,1,0,1,0,1,2,2,2,0,2,0,0,0,0,0,0,2,1,2,1,0,1,1,0,2,0,0,0,2,1,1,2,2,1,2,0
216_17,2,1,1,1,0,2,1,2,0,2,1,1,0,1,1,2,2,2,2,1,2,0,2,2,2,1,2,0,2,2,1,2,2,2,2,0,2,2,1,1,1,2,2,2,0,2,0,2,0,2,0,0,2,2,2,2,2,2,1,0,0,1,1,2,2,0,2,2,0,1,1,2,1,2,2,2,1,0,2,2,2,0,2,2,0,2,1,1,0,2,1,1,2,2,1,2,1,1,2,0,2,0,1,2,1,2,1,1,0,1,0,2,1,2,1,0,2,0,1,2,1,0,1,0,1,1,0,0,1,0,2,2,0,1,2,2,2,0,1,1,0,2,2,1,0,1,1,1,0,2,2,2,0,0,1,0,1,2,1,0,0,2,1,0,1,0,1,2,1,2,2,2,0,2,0,0,0,0,0,0,2,1,2,1,0,1,1,2,2,2,0,1,2,1,1,2,2,1,2,2
I4,2,1,2,1,0,2,1,2,0,2,1,0,0,0,0,2,0,2,0,0,2,2,2,2,1,1,2,1,2,2,1,0,2,2,2,0,2,2,0,1,1,2,2,0,1,2,0,2,0,1,0,0,0,2,2,2,2,2,1,0,0,0,0,1,2,2,0,1,0,1,1,2,1,2,2,0,1,0,2,2,2,0,2,2,0,2,1,1,1,1,1,1,2,2,1,0,1,1,2,0,2,0,1,0,0,2,1,1,2,1,1,2,1,2,1,1,2,0,1,2,2,0,1,0,1,1,0,0,0,0,2,2,0,1,2,2,2,2,1,1,0,2,2,1,2,1,1,0,0,1,0,0,0,0,1,1,1,0,1,0,0,2,1,0,1,0,1,1,1,2,2,2,0,2,0,0,0,0,0,0,2,1,2,1,0,1,1,0,2,0,0,0,2,1,1,2,2,1,2,0
I5,2,1,2,1,2,2,1,2,0,2,1,0,0,0,1,2,0,2,1,1,2,2,2,2,1,1,2,1,2,2,1,0,2,2,2,0,2,2,1,1,1,2,2,0,1,2,0,2,0,1,0,0,2,2,2,2,2,2,1,0,1,0,0,1,2,2,0,1,0,1,1,2,1,2,2,0,1,0,2,2,2,0,2,2,0,2,1,1,1,1,1,1,2,2,1,0,1,1,2,0,2,0,1,2,0,2,1,1,2,1,1,2,1,2,1,1,2,1,1,2,2,0,1,0,1,1,0,0,0,0,2,2,0,1,2,2,2,2,1,1,0,2,2,1,2,1,1,0,0,1,0,0,0,0,1,1,1,0,1,0,0,2,1,0,1,2,1,1,1,2,2,2,0,2,0,0,0,0,0,0,2,1,2,1,0,1,1,0,2,0,0,1,2,1,1,2,2,1,2,0
216_11,2,1,2,1,2,2,1,2,0,2,1,0,0,0,1,2,0,2,1,1,2,2,2,2,1,1,2,1,2,2,1,0,2,2,2,0,2,2,1,1,1,2,2,0,1,2,0,2,0,1,0,0,2,2,2,2,2,2,1,2,1,0,0,1,2,2,0,1,0,1,1,2,1,2,2,0,1,0,2,2,2,0,2,2,0,2,1,1,1,1,1,1,2,2,1,0,1,1,2,0,2,0,1,2,0,2,1,1,2,1,1,2,1,2,1,1,2,1,1,2,2,2,1,0,1,1,0,2,0,0,2,2,0,1,2,2,2,2,1,1,0,2,2,1,2,1,1,0,0,1,0,0,0,0,1,1,1,0,1,0,0,2,1,0,1,2,1,1,1,2,2,2,0,2,0,0,0,0,0,0,2,1,2,1,0,1,1,0,2,0,0,1,2,1,1,2,2,1,2,0
216_10,2,1,2,1,2,2,1,2,0,2,1,0,0,0,1,2,0,2,1,1,2,2,2,2,1,1,2,1,2,2,1,0,2,2,2,0,2,2,1,1,1,2,2,2,1,2,0,2,0,1,0,0,2,2,2,2,2,2,1,0,1,0,0,1,2,2,0,1,0,1,1,2,1,2,2,0,1,0,2,2,2,0,2,2,0,2,1,1,1,1,1,1,2,2,1,0,1,1,2,0,2,0,1,2,0,2,1,1,2,1,1,2,1,2,1,1,2,1,1,2,2,0,1,0,1,1,2,0,0,0,2,2,0,1,2,2,2,2,1,1,0,2,2,1,2,1,1,0,0,1,0,0,0,0,1,1,1,0,1,0,0,2,1,0,1,2,1,1,1,2,2,2,0,2,0,0,0,0,0,0,2,1,2,1,0,1,1,0,2,0,0,1,2,1,1,2,2,1,2,0
I6,2,1,2,1,1,2,1,2,0,2,1,0,1,0,0,2,0,2,0,0,2,2,2,2,1,1,2,1,2,2,1,0,2,2,2,0,2,2,0,1,1,2,2,0,1,2,0,2,2,1,0,1,0,2,2,2,2,2,1,0,0,0,0,1,2,2,1,1,0,1,1,2,1,2,2,0,1,0,2,2,2,2,2,2,0,2,1,1,1,1,1,1,2,2,1,1,1,1,2,0,2,0,1,2,0,2,1,1,2,1,1,2,1,2,1,1,2,0,1,2,2,0,1,0,1,1,0,0,0,2,2,2,0,1,2,2,2,2,1,1,1,2,2,1,2,1,1,0,2,1,0,0,0,0,1,1,1,1,1,0,0,2,1,0,1,0,1,1,1,2,2,2,0,2,0,0,0,0,2,0,2,1,2,1,0,1,1,0,2,0,0,0,2,1,1,2,2,1,2,0
216_13,2,1,2,1,1,2,1,2,0,2,1,0,1,0,0,2,2,2,0,0,2,2,2,2,1,1,2,1,2,2,1,0,2,2,2,0,2,2,0,1,1,2,2,0,1,2,0,2,2,1,0,1,0,2,2,2,2,2,1,0,0,0,0,1,2,2,1,1,0,1,1,2,1,2,2,0,1,0,2,2,2,2,2,2,0,2,1,1,1,1,1,1,2,2,1,1,1,1,2,0,2,0,1,2,0,2,1,1,2,1,1,2,1,2,1,1,2,0,1,2,2,0,1,0,1,1,0,0,0,2,2,2,0,1,2,2,2,2,1,1,1,2,2,1,2,1,1,0,2,1,0,0,0,0,1,1,1,1,1,0,0,2,1,0,1,0,1,1,1,2,2,2,0,2,0,0,0,1,2,1,2,1,2,1,0,1,1,0,2,0,0,0,2,1,1,2,2,1,2,0
216_12,2,1,2,1,1,2,1,2,0,2,1,0,1,0,0,2,0,2,0,0,2,2,2,2,1,1,2,1,2,2,1,0,2,2,2,0,2,2,0,1,1,2,2,0,1,2,0,2,2,1,0,1,0,2,2,2,2,2,1,0,0,0,0,1,2,2,1,1,0,1,1,2,1,2,2,0,1,0,2,2,2,2,2,2,1,2,1,1,1,1,1,1,2,2,1,1,1,1,2,0,2,0,1,2,0,2,1,1,2,1,1,2,1,2,1,1,2,0,1,2,2,0,1,0,1,1,0,0,0,2,2,2,0,1,2,2,2,2,1,1,1,2,2,1,2,1,1,0,2,1,0,0,1,0,1,1,1,1,1,0,0,2,1,0,1,0,1,1,1,2,2,2,1,2,0,0,0,0,2,0,2,1,2,1,0,1,1,0,2,0,0,0,2,1,1,2,2,1,2,0
I7,0,0,0,0,0,0,1,0,0,0,2,0,0,0,0,0,0,0,0,0,1,0,0,0,0,0,0,0,0,0,0,0,0,0,0,0,0,0,0,0,0,0,0,0,0,0,0,0,0,0,0,0,0,1,0,2,0,0,0,0,0,0,0,0,0,0,0,0,0,0,0,0,0,0,0,0,0,0,0,0,0,0,0,0,0,0,0,2,0,2,0,0,0,2,0,0,0,0,0,0,0,1,1,0,2,0,0,0,0,0,0,0,0,0,0,0,0,2,0,2,0,0,0,0,0,0,0,0,0,0,0,0,0,0,0,0,0,0,0,0,0,0,2,1,0,0,0,0,0,0,0,0,0,0,0,0,0,0,0,0,0,0,0,0,0,2,0,0,0,2,0,0,0,0,0,0,0,0,0,0,0,0,0,0,0,0,0,0,0,0,0,0,0,0,0,2,0,0,0,0
I8,0,0,1,1,2,0,1,0,0,0,2,0,2,0,1,0,2,0,0,0,1,0,0,2,1,0,0,0,2,0,1,1,1,1,1,2,0,0,1,1,1,1,0,2,0,2,0,0,2,1,2,0,0,1,0,2,0,0,0,2,2,2,0,0,0,0,0,1,1,0,1,1,0,1,0,2,0,1,1,0,0,0,0,1,2,0,1,2,1,2,0,0,0,2,2,2,1,0,1,0,1,1,1,1,2,0,0,0,0,0,0,0,0,0,2,2,0,2,0,2,0,1,0,0,0,0,0,2,1,0,0,0,2,1,0,0,1,1,1,0,2,2,2,1,1,0,2,0,0,0,2,1,0,0,0,0,0,2,0,1,2,2,2,1,0,2,2,0,0,2,0,2,0,2,1,0,0,0,0,0,2,1,0,0,0,0,0,0,0,0,1,0,0,0,2,2,1,0,2,0
I9,0,0,1,1,2,0,1,0,0,2,2,0,2,0,1,0,2,0,0,0,1,0,0,2,1,0,0,0,2,0,1,1,1,1,1,2,0,0,1,1,1,1,0,2,0,2,0,0,2,1,2,0,0,1,1,2,0,0,0,2,2,2,0,0,0,0,0,1,1,1,1,1,0,1,2,2,0,1,1,0,0,2,0,1,2,0,1,2,1,2,0,0,0,2,2,2,1,0,1,0,1,1,1,1,2,1,0,0,0,2,0,0,2,0,2,2,0,2,2,2,0,1,0,0,0,0,0,2,1,0,0,0,2,1,2,0,1,1,1,0,2,2,2,1,1,1,2,0,1,0,2,1,0,2,0,2,0,2,0,1,2,2,2,1,0,2,2,0,0,2,0,2,2,2,1,0,0,1,1,0,2,1,0,0,0,0,1,0,0,0,1,0,2,1,2,2,1,0,2,1
I10,0,0,1,1,2,0,1,0,0,2,2,0,2,0,1,1,2,0,0,0,1,0,0,2,1,0,1,0,2,1,1,1,1,1,1,2,0,0,1,1,1,1,2,2,0,2,0,0,2,1,2,0,0,1,1,2,0,0,1,2,2,2,0,0,2,1,2,1,1,1,1,1,1,1,2,2,0,1,1,1,0,2,0,1,2,2,1,2,1,2,1,1,1,2,2,2,1,0,1,1,1,1,1,1,2,1,0,0,0,2,0,0,2,0,2,2,0,2,2,2,0,1,1,2,0,0,0,2,1,0,0,2,2,1,2,0,1,1,1,0,2,2,2,1,1,1,2,0,1,0,2,1,0,2,0,2,1,2,2,1,2,2,2,1,0,2,2,0,0,2,0,2,2,2,1,0,0,1,1,0,2,1,2,0,0,0,1,0,0,0,1,0,2,1,2,2,1,0,2,1
216_23,0,0,1,1,2,0,1,0,0,2,2,0,2,0,1,1,2,0,0,0,1,1,0,2,1,0,1,0,2,1,1,1,1,1,1,2,0,0,1,1,1,1,2,2,0,2,0,0,2,1,2,0,0,1,1,2,2,0,1,2,2,2,0,0,2,1,2,1,1,1,1,1,1,1,2,2,0,1,1,1,0,2,0,1,2,2,1,2,1,2,1,1,1,2,2,2,1,0,1,1,1,1,1,1,2,1,0,1,0,2,1,0,2,0,2,2,0,2,2,2,0,1,1,2,0,0,0,2,1,0,0,2,2,1,2,0,1,1,1,0,2,2,2,1,1,1,2,0,1,0,2,1,0,2,0,2,1,2,2,1,2,2,2,1,0,2,2,0,0,2,0,2,2,2,1,0,0,1,1,2,2,1,2,0,0,0,1,0,0,0,1,0,2,1,2,2,1,0,2,1
216_22,0,0,1,1,2,0,1,0,0,2,2,0,2,0,1,1,2,0,0,1,1,0,0,2,1,0,1,0,2,1,1,1,1,1,1,2,0,0,1,1,1,1,2,2,0,2,0,0,2,1,2,0,0,1,1,2,0,0,1,2,2,2,0,2,2,1,2,1,1,1,1,1,1,1,2,2,0,1,1,1,0,2,0,1,2,2,1,2,1,2,1,1,1,2,2,2,1,0,1,1,1,1,1,1,2,1,0,0,0,2,0,0,2,0,2,2,0,2,2,2,0,1,1,2,0,1,1,2,1,0,0,2,2,1,2,0,1,1,1,1,2,2,2,1,1,1,2,0,1,2,2,1,0,2,0,2,1,2,2,1,2,2,2,1,0,2,2,0,0,2,0,2,2,2,1,0,0,1,1,0,2,1,2,0,0,0,1,1,0,0,1,0,2,1,2,2,1,0,2,1
I11,0,0,1,1,2,0,1,2,0,2,2,0,2,2,1,0,2,0,0,2,1,0,0,2,1,1,1,0,2,0,1,1,1,1,1,2,0,0,1,1,1,1,0,2,0,2,0,0,2,1,2,0,0,1,1,2,0,0,0,2,2,2,1,2,0,1,0,1,1,1,1,1,2,1,2,2,0,1,1,0,0,2,0,1,2,2,1,2,1,2,1,0,0,2,2,2,1,0,1,0,1,1,1,1,2,1,0,0,0,2,0,0,2,1,2,2,2,2,2,2,0,1,2,0,0,0,0,2,1,1,2,0,2,1,2,0,1,1,1,0,2,2,2,1,1,1,2,0,1,0,2,1,1,2,0,2,0,2,0,1,2,2,2,1,1,2,2,0,0,2,2,2,2,2,1,0,0,1,1,0,2,1,0,0,1,0,1,0,0,0,1,2,2,1,2,2,1,0,2,1
216_21,0,0,1,1,2,0,1,2,0,2,2,0,2,2,1,0,2,0,0,2,1,0,1,2,1,1,1,0,2,0,1,1,1,1,1,2,0,0,1,1,1,1,0,2,0,2,0,0,2,1,2,0,0,1,1,2,1,0,0,2,2,2,1,2,0,1,0,1,1,1,1,1,2,1,2,2,0,1,1,0,1,2,0,1,2,2,1,2,1,2,1,0,0,2,2,2,1,0,1,0,1,1,1,1,2,1,0,0,0,2,0,0,2,1,2,2,2,2,2,2,0,1,2,0,0,0,0,2,1,1,2,2,2,1,2,0,1,1,1,0,2,2,2,1,1,1,2,0,1,0,2,1,1,2,0,2,0,2,0,1,2,2,2,1,1,2,2,0,0,2,2,2,2,2,1,0,1,1,1,0,2,1,0,0,1,0,1,0,0,0,1,2,2,1,2,2,1,0,2,1
216_20,0,0,1,1,2,2,1,2,0,2,2,0,2,2,1,0,2,0,0,2,1,1,0,2,1,1,1,2,2,0,1,1,1,1,1,2,0,2,1,1,1,1,0,2,0,2,0,0,2,1,2,0,0,1,1,2,0,0,0,2,2,2,1,2,0,1,0,1,1,1,1,1,2,1,2,2,0,1,1,0,0,2,0,1,2,2,1,2,1,2,1,0,0,2,2,2,1,0,1,2,1,1,1,1,2,1,0,0,0,2,0,0,2,1,2,2,2,2,2,2,0,1,2,0,0,0,0,2,1,1,2,0,2,1,2,0,1,1,1,0,2,2,2,1,1,1,2,0,1,0,2,1,1,2,0,2,0,2,0,1,2,2,2,1,1,2,2,0,0,2,2,2,2,2,1,0,0,1,1,0,2,1,0,0,1,0,1,0,0,0,1,2,2,1,2,2,1,0,2,1
I12,0,0,1,1,2,0,1,0,0,0,2,0,2,0,1,0,2,0,2,0,1,0,0,2,1,0,0,1,2,2,1,1,1,1,1,2,2,0,1,1,1,1,2,2,0,2,0,0,2,1,2,0,0,1,0,2,0,0,2,2,2,2,0,0,1,0,0,1,1,0,1,1,0,1,0,2,1,1,1,0,0,0,1,1,2,1,1,2,1,2,0,0,2,2,2,2,1,0,1,0,1,1,1,1,2,0,0,2,0,0,0,0,0,0,2,2,0,2,0,2,0,1,0,2,0,0,0,2,1,0,2,0,2,1,0,0,1,1,1,0,2,2,2,1,1,0,2,0,0,0,2,1,0,1,0,2,0,2,0,1,2,2,2,1,0,2,2,0,0,2,0,2,2,2,1,0,0,2,2,1,2,1,0,0,0,0,1,0,0,0,1,0,0,0,2,2,1,0,2,0
I13,0,0,1,1,2,0,1,1,2,2,2,0,2,0,1,0,2,0,2,0,1,0,0,2,1,2,0,1,2,2,1,1,1,1,1,2,2,0,1,1,1,1,2,2,0,2,0,2,2,1,2,1,0,1,1,2,0,0,2,2,2,2,0,0,1,0,1,1,1,0,1,1,0,1,0,2,1,1,1,1,2,0,1,1,2,1,1,2,1,2,0,0,2,2,2,2,1,1,1,0,1,1,1,1,2,2,0,2,1,0,0,1,0,0,2,2,0,2,0,2,0,1,0,2,2,1,0,2,1,1,2,0,2,1,2,0,1,1,1,0,2,2,2,1,1,0,2,0,1,1,2,1,0,1,0,2,0,2,0,1,2,2,2,1,0,2,2,0,0,2,0,2,2,2,1,0,2,2,2,1,2,1,0,2,1,0,1,0,0,0,1,0,0,0,2,2,1,0,2,2
216_25,0,1,1,1,2,2,1,1,2,2,2,0,2,0,1,0,2,2,2,0,1,0,0,2,1,2,0,1,2,2,1,1,1,1,1,2,2,0,1,1,1,1,2,2,0,2,0,2,2,1,2,1,1,1,1,2,0,1,2,2,2,2,0,0,1,0,1,1,1,0,1,1,0,1,0,2,1,1,1,1,2,0,1,1,2,1,1,2,1,2,0,0,2,2,2,2,1,1,1,0,1,1,1,1,2,2,0,2,1,0,0,1,0,0,2,2,2,2,0,2,0,1,0,2,2,1,0,2,1,1,2,0,2,1,2,0,1,1,1,0,2,2,2,1,1,0,2,0,1,1,2,1,0,1,0,2,0,2,0,1,2,2,2,1,0,2,2,0,0,2,0,2,2,2,1,1,2,2,2,1,2,1,0,2,1,0,1,0,0,0,1,0,0,0,2,2,1,0,2,2
216_24,0,0,1,1,2,0,1,1,2,2,2,0,2,0,1,0,2,0,2,0,1,0,0,2,1,2,0,1,2,2,1,1,1,1,1,2,2,2,1,1,1,1,2,2,0,2,0,2,2,1,2,1,0,1,1,2,0,1,2,2,2,2,0,2,1,2,1,1,1,2,1,1,0,1,0,2,1,1,1,1,2,2,1,1,2,1,1,2,1,2,0,0,2,2,2,2,1,1,1,0,1,1,1,1,2,2,1,2,1,2,0,1,0,0,2,2,0,2,0,2,0,1,0,2,2,1,0,2,1,1,2,0,2,1,2,0,1,1,1,0,2,2,2,1,1,0,2,0,1,1,2,1,0,1,0,2,0,2,0,1,2,2,2,1,0,2,2,0,0,2,0,2,2,2,1,0,2,2,2,1,2,1,0,2,1,0,1,2,0,0,1,0,0,0,2,2,1,0,2,2
I14,0,0,1,1,2,0,1,0,2,0,2,0,2,0,1,0,2,0,2,0,1,0,1,2,1,1,0,1,2,2,1,1,1,1,1,2,2,0,1,1,1,1,2,2,0,2,0,0,2,1,2,1,0,1,0,2,0,0,2,2,2,2,1,0,1,0,0,1,1,2,1,1,1,1,0,2,1,1,1,0,0,0,1,1,2,1,1,2,1,2,0,0,2,2,2,2,1,0,1,0,1,1,1,1,2,0,2,2,0,0,0,1,0,0,2,2,0,2,0,2,1,1,0,2,0,0,1,2,1,0,2,1,2,1,2,0,1,1,1,2,2,2,2,1,1,0,2,1,0,0,2,1,0,1,2,2,0,2,0,1,2,2,2,1,0,2,2,2,0,2,0,2,2,2,1,0,0,2,2,1,2,1,0,0,0,0,1,0,1,0,1,0,0,0,2,2,1,0,2,0
216_27,0,0,1,1,2,0,1,0,2,0,2,0,2,1,1,0,2,0,2,0,1,0,1,2,1,1,0,1,2,2,1,1,1,1,1,2,2,0,1,1,1,1,2,2,0,2,0,2,2,1,2,1,0,1,2,2,0,0,2,2,2,2,1,0,1,0,0,1,1,2,1,1,1,1,0,2,1,1,1,0,0,0,1,1,2,1,1,2,1,2,0,0,2,2,2,2,1,0,1,0,1,1,1,1,2,0,2,2,0,0,0,1,1,0,2,2,0,2,0,2,1,1,0,2,0,0,1,2,1,0,2,1,2,1,2,0,1,1,1,2,2,2,2,1,1,0,2,1,0,0,2,1,0,1,2,2,0,2,0,1,2,2,2,1,2,2,2,2,0,2,0,2,2,2,1,0,0,2,2,1,2,1,0,0,0,0,1,0,1,2,1,0,0,0,2,2,1,0,2,0
216_26,1,0,1,1,2,0,1,0,2,0,2,0,2,0,1,0,2,0,2,0,1,0,1,2,1,1,0,1,2,2,1,1,1,1,1,2,2,0,1,1,1,1,2,2,1,2,0,0,2,1,2,1,0,1,0,2,0,1,2,2,2,2,1,0,1,0,0,1,1,2,1,1,1,1,0,2,1,1,1,2,0,0,1,1,2,1,1,2,1,2,0,0,2,2,2,2,1,0,1,0,1,1,1,1,2,0,2,2,0,0,0,1,0,2,2,2,0,2,0,2,1,1,0,2,0,0,1,2,1,0,2,1,2,1,2,1,1,1,1,2,2,2,2,1,1,0,2,1,0,0,2,1,0,1,2,2,0,2,1,1,2,2,2,1,0,2,2,2,0,2,0,2,2,2,1,0,0,2,2,1,2,1,0,0,0,1,1,0,1,0,1,0,0,0,2,2,1,0,2,0
I15,0,0,1,0,0,1,1,0,0,0,2,0,2,2,1,0,1,0,0,0,1,1,2,0,2,1,0,0,2,0,0,0,2,0,2,1,0,1,0,0,2,0,0,0,0,0,0,0,0,1,0,0,0,1,0,2,2,0,0,1,0,0,2,0,1,0,0,1,0,0,0,0,0,0,0,1,0,0,0,0,0,0,0,0,0,0,0,2,0,2,2,1,0,2,0,1,0,0,0,0,0,1,1,2,2,0,1,0,1,0,0,0,0,0,0,0,0,2,0,2,0,0,0,0,0,0,0,0,0,0,0,0,0,0,0,0,1,0,0,0,0,0,2,1,1,0,0,0,0,0,0,2,0,2,0,0,0,0,0,0,0,2,1,0,0,2,1,0,0,2,0,0,2,0,2,0,0,0,1,0,0,0,0,0,1,1,0,1,0,0,0,0,1,0,0,2,0,0,0,0
I16,0,0,1,0,0,1,1,0,1,2,2,0,2,2,1,0,1,0,0,0,1,1,2,1,2,1,0,0,2,0,0,1,2,0,2,1,0,1,0,0,2,0,0,0,0,0,2,1,0,1,0,0,0,1,1,2,2,0,0,1,0,0,2,0,1,0,0,1,0,0,0,0,0,0,0,1,2,2,2,0,2,1,0,0,1,0,0,2,0,2,2,1,0,2,0,1,0,0,0,0,0,1,1,2,2,1,1,1,1,0,2,0,0,0,2,1,0,2,0,2,0,0,0,0,0,2,2,1,2,0,0,0,0,0,2,0,1,0,0,0,0,2,2,1,1,0,2,0,0,1,2,2,0,2,0,0,0,1,0,0,0,2,1,0,0,2,1,0,0,2,0,0,2,0,2,0,1,2,1,0,0,0,0,0,1,1,0,1,1,0,1,0,1,0,0,2,0,1,0,0
I17,0,0,1,0,0,1,1,1,1,2,2,0,2,2,1,0,1,1,0,1,1,1,2,1,2,1,0,0,2,0,0,1,2,0,2,1,0,1,0,0,2,1,0,0,0,0,2,1,1,1,0,0,0,1,1,2,2,1,0,1,0,1,2,0,1,1,0,1,0,0,0,2,0,0,0,1,2,2,2,0,2,1,0,0,1,0,2,2,1,2,2,1,2,2,0,1,0,0,0,2,0,1,1,2,2,1,1,1,1,0,2,2,0,0,2,1,0,2,0,2,1,0,0,0,1,2,2,1,2,1,0,0,0,2,2,0,1,0,0,0,0,2,2,1,1,0,2,0,1,1,2,2,0,2,0,2,0,1,0,0,1,2,1,2,1,2,1,0,2,2,1,0,2,0,2,0,1,2,1,0,0,1,0,0,1,1,0,1,1,2,1,0,1,1,2,2,0,1,0,0
I18,2,1,1,0,0,1,1,1,1,2,2,2,2,2,1,0,1,1,0,1,1,1,2,1,2,1,0,0,2,0,0,1,2,0,2,1,0,1,0,2,2,1,0,1,0,0,2,1,1,1,0,1,2,1,1,2,2,1,0,1,0,1,2,0,1,1,0,1,0,0,0,2,0,1,0,1,2,2,2,0,2,1,0,2,1,0,2,2,1,2,2,1,2,2,1,1,0,1,0,2,0,1,1,2,2,1,1,1,1,0,2,2,0,0,2,1,1,2,0,2,1,0,0,0,1,2,2,1,2,1,0,2,0,2,2,2,1,2,2,0,0,2,2,1,1,1,2,0,1,1,2,2,1,2,0,2,1,1,0,0,1,2,1,2,1,2,1,2,2,2,1,0,2,0,2,0,1,2,1,0,0,1,0,0,1,1,0,1,1,2,1,0,1,1,2,2,2,1,0,1
216_39,2,1,1,0,0,1,1,1,1,2,2,2,2,2,1,0,1,1,0,1,1,1,2,1,2,1,0,2,2,0,0,1,2,0,2,1,0,1,0,2,2,1,2,1,0,0,2,1,1,1,0,1,2,1,1,2,2,1,0,1,0,1,2,1,1,1,0,1,0,0,0,2,0,1,0,1,2,2,2,0,2,1,0,2,1,0,2,2,1,2,2,1,2,2,1,1,0,1,0,2,0,1,1,2,2,1,1,1,1,0,2,2,0,0,2,1,1,2,2,2,1,0,0,0,1,2,2,1,2,1,0,2,0,2,2,2,1,2,2,0,0,2,2,1,1,1,2,0,1,1,2,2,1,2,0,2,1,1,0,0,1,2,1,2,1,2,1,2,2,2,1,0,2,0,2,0,1,2,1,0,0,1,0,0,1,1,0,1,1,2,1,0,1,1,2,2,2,1,0,1
216_38,2,1,1,0,0,1,1,1,1,2,2,2,2,2,1,0,1,1,0,1,1,1,2,1,2,1,0,0,2,0,1,1,2,0,2,1,2,1,0,2,2,1,0,1,0,0,2,1,1,1,0,1,2,1,1,2,2,1,0,1,0,1,2,0,1,1,0,1,0,0,0,2,0,1,0,1,2,2,2,0,2,1,0,2,1,0,2,2,1,2,2,1,2,2,1,1,0,1,0,2,0,1,1,2,2,1,1,1,1,0,2,2,0,0,2,1,1,2,0,2,1,0,0,0,1,2,2,1,2,1,0,2,0,2,2,2,1,2,2,0,0,2,2,1,1,1,2,0,1,1,2,2,1,2,0,2,1,1,0,0,1,2,1,2,1,2,1,2,2,2,1,0,2,0,2,0,1,2,1,0,0,1,0,0,1,1,0,1,1,2,1,2,1,1,2,2,2,1,0,1
I19,1,1,1,0,0,1,1,1,1,2,2,0,2,2,1,0,1,1,0,1,1,1,2,1,2,1,0,0,2,0,0,1,2,0,2,1,0,1,1,0,2,1,1,0,0,0,2,1,1,1,0,0,0,1,1,2,2,1,1,1,0,1,2,0,1,1,0,1,0,0,0,2,2,0,0,1,2,2,2,0,2,1,1,0,1,2,2,2,1,2,2,1,2,2,0,1,0,0,0,2,2,1,1,2,2,1,1,1,1,0,2,2,0,0,2,1,1,2,1,2,1,0,2,0,1,2,2,1,2,1,0,0,1,2,2,0,1,0,0,2,0,2,2,1,1,0,2,0,1,1,2,2,2,2,0,2,2,1,0,0,1,2,1,2,1,2,1,0,2,2,1,0,2,0,2,0,1,2,1,0,0,1,1,0,1,1,0,1,1,2,1,0,1,1,2,2,1,1,0,0
216_37,1,1,1,0,0,1,1,1,1,2,2,0,2,2,1,0,1,1,0,1,1,1,2,1,2,1,0,0,2,0,0,1,2,0,2,1,0,1,1,0,2,1,1,0,0,0,2,1,1,1,0,0,0,1,1,2,2,1,1,1,0,1,2,0,1,1,0,1,0,2,0,2,2,0,0,1,2,2,2,0,2,1,1,0,1,2,2,2,1,2,2,1,2,2,0,1,0,0,0,2,2,1,1,2,2,1,1,1,1,0,2,2,0,0,2,1,1,2,1,2,1,0,2,0,1,2,2,1,2,1,0,0,1,2,2,0,1,0,0,2,0,2,2,1,1,0,2,0,1,1,2,2,2,2,0,2,2,1,0,0,1,2,1,2,1,2,1,0,2,2,1,0,2,0,2,0,1,2,1,0,0,1,1,0,1,1,0,1,1,2,1,0,1,1,2,2,1,1,0,0
216_36,1,1,1,0,0,1,1,1,1,2,2,0,2,2,1,0,1,1,0,1,1,1,2,1,2,1,0,0,2,0,2,1,2,0,2,1,0,1,1,0,2,1,1,0,1,0,2,1,1,1,0,0,0,1,1,2,2,1,1,1,0,1,2,0,1,1,0,1,0,0,0,2,2,0,0,1,2,2,2,0,2,1,1,0,1,2,2,2,1,2,2,1,2,2,0,1,1,0,0,2,2,1,1,2,2,1,1,1,1,0,2,2,0,0,2,1,1,2,1,2,1,1,2,0,1,2,2,1,2,1,0,0,1,2,2,0,1,0,0,2,0,2,2,1,1,0,2,0,1,1,2,2,2,2,0,2,2,1,0,0,1,2,1,2,1,2,1,0,2,2,1,0,2,0,2,0,1,2,1,1,0,1,1,0,1,1,0,1,1,2,1,0,1,1,2,2,1,1,0,2
I20,0,0,1,0,0,1,1,0,1,2,2,0,2,2,1,0,1,0,0,0,1,1,2,1,2,1,0,0,2,0,0,1,2,0,2,1,2,1,0,2,2,0,1,0,0,1,2,1,0,1,0,0,0,1,1,2,2,0,0,1,1,0,2,0,1,0,0,1,0,0,0,0,0,1,0,1,2,2,2,0,2,1,0,0,1,2,0,2,0,2,2,1,0,2,0,1,0,0,0,0,0,1,1,2,2,1,1,1,1,2,2,1,0,0,2,1,0,2,1,2,0,2,0,2,0,2,2,1,2,0,0,0,0,0,2,0,1,0,2,0,0,2,2,1,1,0,2,1,0,1,2,2,0,2,2,2,1,1,0,1,0,2,1,0,2,2,1,0,0,2,0,0,2,0,2,0,1,2,1,0,0,0,0,2,1,1,2,1,1,0,1,0,1,0,0,2,0,1,0,1
I21,0,0,1,0,2,1,1,1,1,2,2,0,2,2,1,0,1,0,0,0,1,1,2,1,2,1,0,0,2,0,0,1,2,0,2,1,2,1,1,2,2,0,1,0,2,1,2,1,0,1,0,0,2,1,1,2,2,0,2,1,1,0,2,0,1,0,0,1,0,0,0,1,0,1,2,1,2,2,2,1,2,1,0,1,1,2,0,2,0,2,2,1,0,2,0,1,0,0,0,0,0,1,1,2,2,1,1,1,1,2,2,1,0,0,2,1,0,2,1,2,0,2,0,2,2,2,2,1,2,0,0,0,0,0,2,0,1,2,2,0,0,2,2,1,1,0,2,1,0,1,2,2,0,2,2,2,1,1,0,1,2,2,1,0,2,2,1,0,0,2,2,0,2,0,2,0,1,2,1,0,0,0,0,2,1,1,2,1,1,0,1,0,1,0,0,2,0,1,0,1
216_35,0,0,1,0,2,1,1,1,1,2,2,0,2,2,1,0,1,0,0,0,1,1,2,1,2,1,0,0,2,0,0,1,2,0,2,1,2,1,1,2,2,0,1,0,2,1,2,1,0,1,0,0,2,1,1,2,2,0,2,1,1,0,2,0,1,0,0,1,0,0,0,1,0,1,2,1,2,2,2,1,2,1,0,1,1,2,0,2,0,2,2,1,0,2,0,1,0,0,0,0,0,1,1,2,2,1,1,1,1,2,2,1,0,0,2,1,0,2,1,2,0,2,0,2,2,2,2,1,2,2,0,0,0,0,2,0,1,2,2,0,0,2,2,1,1,0,2,1,0,1,2,2,0,2,2,2,1,1,0,1,2,2,1,0,2,2,1,0,0,2,2,0,2,0,2,0,1,2,1,0,0,0,0,2,1,1,2,1,1,0,1,0,1,0,0,2,0,1,0,1
216_34,0,0,1,0,2,1,1,1,1,2,2,0,2,2,1,0,1,0,0,0,1,1,2,1,2,1,0,0,2,0,0,1,2,0,2,1,2,1,1,2,2,0,1,1,2,1,2,1,0,1,0,0,2,1,1,2,2,0,2,1,1,0,2,0,1,2,0,1,0,0,0,1,0,1,2,1,2,2,2,1,2,1,0,1,1,2,0,2,0,2,2,1,0,2,0,1,0,1,0,0,0,1,1,2,2,1,1,1,1,2,2,1,0,0,2,1,0,2,1,2,0,2,0,2,2,2,2,1,2,2,0,0,0,0,2,0,1,2,2,0,0,2,2,1,1,0,2,1,0,1,2,2,0,2,2,2,1,1,2,1,2,2,1,0,2,2,1,0,0,2,2,0,2,0,2,0,1,2,1,0,0,0,0,2,1,1,2,1,1,0,1,0,1,0,0,2,1,1,0,1
I22,1,0,1,0,0,1,1,0,1,2,2,0,2,2,1,0,1,0,0,0,1,1,2,1,2,1,0,0,2,1,2,1,2,0,2,1,2,1,0,2,2,1,1,0,0,1,2,1,1,1,0,0,2,1,1,2,2,0,0,1,1,0,2,0,1,0,0,1,0,0,0,0,0,1,0,1,2,2,2,0,2,1,0,0,1,2,0,2,0,2,2,1,0,2,0,1,0,0,0,0,0,1,1,2,2,1,1,1,1,2,2,1,0,0,2,1,0,2,1,2,0,2,0,2,0,2,2,1,2,0,0,2,0,0,2,0,1,0,2,0,0,2,2,1,1,0,2,1,1,1,2,2,0,2,2,2,1,1,0,1,0,2,1,0,2,2,1,0,0,2,2,0,2,0,2,0,1,2,1,1,0,0,0,2,1,1,2,1,1,0,1,0,1,0,2,2,0,1,0,1
216_33,1,0,1,0,2,1,1,0,1,2,2,0,2,2,1,0,1,1,0,0,1,1,2,1,2,1,0,0,2,1,2,1,2,2,2,1,2,1,0,2,2,1,1,0,2,1,2,1,1,1,1,0,2,1,1,2,2,0,0,1,1,0,2,0,1,1,0,1,0,0,0,0,0,1,0,1,2,2,2,0,2,1,0,0,1,2,0,2,0,2,2,1,0,2,0,1,0,1,0,0,0,1,1,2,2,1,1,1,1,2,2,1,1,0,2,1,0,2,1,2,0,2,0,2,0,2,2,1,2,0,0,2,0,0,2,0,1,0,2,0,0,2,2,1,1,0,2,1,1,1,2,2,0,2,2,2,1,1,0,1,0,2,1,0,2,2,1,0,0,2,2,0,2,0,2,0,1,2,1,1,0,0,0,2,1,1,2,1,1,0,1,0,1,0,2,2,0,1,0,1
216_32,1,0,1,0,0,1,1,0,1,2,2,0,2,2,1,2,1,0,0,0,1,1,2,1,2,1,0,0,2,1,2,1,2,0,2,1,2,1,0,2,2,1,1,1,0,1,2,1,1,1,0,0,2,1,1,2,2,0,0,1,1,0,2,0,1,0,0,1,0,1,0,0,0,1,0,1,2,2,2,0,2,1,0,0,1,2,0,2,0,2,2,1,0,2,0,1,0,0,0,0,0,1,1,2,2,1,1,1,1,2,2,1,0,0,2,1,0,2,1,2,0,2,0,2,1,2,2,1,2,0,0,2,0,2,2,0,1,0,2,0,1,2,2,1,1,0,2,1,1,1,2,2,0,2,2,2,1,1,0,1,0,2,1,0,2,2,1,0,0,2,2,0,2,0,2,0,1,2,1,1,0,0,0,2,1,1,2,1,1,0,1,0,1,0,2,2,0,1,0,1
I23,0,0,1,0,0,1,1,0,0,0,2,0,2,2,1,0,1,2,0,0,1,1,2,0,2,1,0,0,2,2,0,0,2,0,2,1,2,1,0,2,2,0,0,2,2,0,0,0,2,1,0,0,0,1,0,2,2,2,0,1,0,0,2,0,1,0,0,1,0,0,0,0,0,0,0,1,0,0,0,0,0,1,0,1,0,1,0,2,0,2,2,1,0,2,0,1,1,1,0,0,2,1,1,2,2,2,1,2,1,0,2,0,0,1,0,0,0,2,0,2,2,0,0,0,0,0,2,0,2,0,0,0,0,2,0,0,1,0,0,1,0,2,2,1,1,0,0,0,0,0,0,2,0,2,0,0,1,0,0,0,0,2,1,0,2,2,1,0,0,2,0,0,2,1,2,0,2,0,1,2,0,0,0,1,1,1,0,1,0,0,0,0,1,0,0,2,0,0,0,0
I24,1,0,1,0,0,1,1,0,1,0,2,0,2,2,1,0,1,2,0,1,1,1,2,0,2,1,2,0,2,2,2,0,2,0,2,1,2,1,0,2,2,0,0,2,2,0,1,0,2,1,0,1,0,1,0,2,2,2,1,1,0,0,2,0,1,0,0,1,0,0,0,1,0,0,0,1,0,0,0,1,0,1,1,1,0,1,0,2,0,2,2,1,0,2,0,1,1,1,0,0,2,1,1,2,2,2,1,2,1,2,2,0,0,1,0,0,0,2,0,2,2,0,0,0,0,0,2,1,2,0,0,0,0,2,1,0,1,0,0,1,0,2,2,1,1,0,1,2,0,0,0,2,0,2,0,0,1,0,0,1,1,2,1,1,2,2,1,0,0,2,0,0,2,1,2,0,2,2,1,2,0,0,0,1,1,1,2,1,0,0,0,1,1,0,0,2,0,2,0,0
I25,1,0,1,2,0,1,1,0,1,0,2,0,2,2,1,0,1,2,0,1,1,1,2,2,2,1,2,0,2,2,2,0,2,0,2,1,2,1,0,2,2,0,0,2,2,0,1,0,2,1,0,1,0,1,1,2,2,2,1,1,0,0,2,0,1,2,0,1,0,1,2,1,0,0,0,1,0,0,0,1,0,1,1,1,0,1,0,2,0,2,2,1,0,2,0,1,1,1,0,0,2,1,1,2,2,2,1,2,1,2,2,0,0,1,0,0,0,2,0,2,2,0,0,2,0,0,2,1,2,0,0,0,0,2,1,2,1,0,0,1,2,2,2,1,1,0,1,2,0,0,0,2,0,2,0,0,1,0,0,1,1,2,1,1,2,2,1,0,0,2,0,1,2,1,2,0,2,2,1,2,0,0,0,1,1,1,2,1,2,0,0,1,1,2,0,2,0,2,0,2
216_47,1,0,1,2,0,1,1,1,1,1,2,0,2,2,1,0,1,2,0,1,1,1,2,2,2,1,2,0,2,2,2,0,2,0,2,1,2,1,0,2,2,0,0,2,2,0,1,0,2,1,1,1,0,1,1,2,2,2,1,1,0,0,2,1,1,2,0,1,0,1,2,1,0,2,0,1,0,0,0,1,1,1,1,1,1,1,0,2,0,2,2,1,0,2,0,1,1,1,0,0,2,1,1,2,2,2,1,2,1,2,2,0,0,1,2,0,0,2,0,2,2,0,0,2,0,2,2,1,2,0,0,0,0,2,1,2,1,0,0,1,2,2,2,1,1,0,1,2,0,0,0,2,0,2,2,0,1,1,0,1,1,2,1,1,2,2,1,0,0,2,0,1,2,1,2,2,2,2,1,2,0,0,0,1,1,1,2,1,2,0,0,1,1,2,0,2,1,2,0,2
216_46,1,0,1,2,0,1,1,0,1,0,2,0,2,2,1,0,1,2,0,1,1,1,2,2,2,1,2,0,2,2,2,0,2,0,2,1,2,1,0,2,2,0,0,2,2,0,1,0,2,1,0,1,0,1,1,2,2,2,1,1,0,0,2,0,1,2,0,1,0,1,2,1,0,0,0,1,2,0,0,1,0,1,1,1,0,1,0,2,0,2,2,1,0,2,0,1,1,1,2,0,2,1,1,2,2,2,1,2,1,2,2,0,0,1,0,0,0,2,0,2,2,0,2,2,1,0,2,1,2,0,0,0,0,2,1,2,1,0,0,1,2,2,2,1,1,0,1,2,0,0,0,2,0,2,0,0,1,0,0,1,1,2,1,1,2,2,1,0,0,2,0,1,2,1,2,0,2,2,1,2,0,1,0,1,1,1,2,1,2,1,0,1,1,2,0,2,0,2,0,2
I26,1,0,1,0,0,1,1,0,1,0,2,0,2,2,1,0,1,2,0,1,1,1,2,2,2,1,2,0,2,2,2,0,2,0,2,1,2,1,0,2,2,0,2,2,2,2,1,0,2,1,0,1,0,1,0,2,2,2,1,1,0,0,2,0,1,0,0,1,0,0,0,1,0,0,0,1,0,0,0,1,0,1,1,1,0,1,0,2,0,2,2,1,1,2,0,1,1,1,0,0,2,1,1,2,2,2,1,2,1,2,2,0,2,1,0,2,1,2,0,2,2,0,0,0,0,0,2,1,2,0,0,0,2,2,1,0,1,2,0,1,0,2,2,1,1,1,1,2,0,2,2,2,0,2,0,1,1,0,0,1,1,2,1,1,2,2,1,0,0,2,0,1,2,1,2,0,2,2,1,2,0,0,0,1,1,1,2,1,0,0,1,1,1,0,0,2,0,2,2,0
216_45,1,0,1,0,0,1,1,0,1,0,2,0,2,2,1,0,1,2,2,1,1,1,2,2,2,1,2,0,2,2,2,0,2,0,2,1,2,1,0,2,2,2,2,2,2,2,1,0,2,1,0,1,0,1,0,2,2,2,1,1,0,0,2,0,1,0,0,1,0,0,0,1,0,1,0,1,0,0,0,1,0,1,1,1,0,1,0,2,0,2,2,1,1,2,0,1,1,1,1,1,2,1,1,2,2,2,1,2,1,2,2,0,2,1,0,2,1,2,0,2,2,0,0,0,0,0,2,1,2,0,2,0,2,2,1,1,1,2,0,1,0,2,2,1,1,1,1,2,0,2,2,2,0,2,0,1,1,0,0,1,1,2,1,1,2,2,1,0,0,2,1,1,2,1,2,0,2,2,1,2,0,0,0,1,1,1,2,1,0,0,1,1,1,2,0,2,0,2,2,0
216_44,1,0,1,0,0,1,1,0,1,0,2,0,2,2,1,0,1,2,0,1,1,1,2,2,2,1,2,0,2,2,2,0,2,0,2,1,2,1,0,2,2,0,2,2,2,2,1,0,2,1,0,1,0,1,0,2,2,2,1,1,0,2,2,0,1,0,0,1,0,0,0,1,0,0,0,1,0,0,0,1,0,1,1,1,0,1,0,2,0,2,2,1,1,2,0,1,1,1,0,0,2,1,1,2,2,2,1,2,1,2,2,0,2,1,0,2,1,2,2,2,2,0,0,0,0,0,2,1,2,0,0,0,2,2,1,0,1,2,0,1,0,2,2,1,1,1,1,2,0,2,2,2,0,2,0,1,1,0,0,1,1,2,1,1,2,2,1,0,0,2,0,1,2,1,2,0,2,2,1,2,0,0,0,1,1,1,2,1,0,0,1,1,1,0,0,2,0,2,2,0
I27,0,0,1,0,1,1,1,0,0,0,2,0,2,2,1,0,1,2,0,0,1,1,2,0,2,1,0,0,2,2,1,0,2,1,2,1,2,1,0,2,2,0,0,2,2,1,0,0,2,1,0,1,0,1,0,2,2,2,0,1,0,2,2,2,1,1,2,1,0,2,1,2,0,0,0,1,0,0,0,0,0,1,0,1,0,1,0,2,0,2,2,1,0,2,1,1,1,1,1,1,2,1,1,2,2,2,1,2,1,0,2,0,0,1,0,1,1,2,0,2,2,0,0,0,0,0,2,0,2,0,0,1,0,2,0,0,1,0,0,1,0,2,2,1,1,0,0,2,0,2,0,2,0,2,0,0,1,0,0,0,0,2,1,2,2,2,1,2,0,2,0,0,2,1,2,0,2,0,1,2,0,0,0,1,1,1,1,1,1,1,2,0,1,0,1,2,0,0,0,0
I28,0,0,1,1,1,1,1,0,0,0,2,2,2,2,1,0,1,2,0,1,1,1,2,0,2,1,0,0,2,2,1,0,2,1,2,1,2,1,0,2,2,0,0,2,2,1,0,0,2,1,0,1,0,1,0,2,2,2,2,1,0,2,2,2,1,1,2,1,2,2,1,2,0,0,0,1,0,0,0,0,0,1,0,1,0,1,0,2,0,2,2,1,0,2,1,1,1,1,1,1,2,1,1,2,2,2,1,2,1,2,2,2,0,1,0,1,1,2,0,2,2,2,0,2,1,0,2,0,2,0,0,1,0,2,2,0,1,0,0,1,0,2,2,1,1,0,1,2,0,2,0,2,0,2,0,1,1,0,0,0,0,2,1,2,2,2,1,2,1,2,0,0,2,1,2,2,2,1,1,2,0,0,0,1,1,1,1,1,1,1,2,0,1,1,1,2,0,1,0,0
216_41,0,0,1,1,1,1,1,0,0,0,2,2,2,2,1,2,1,2,0,1,1,1,2,0,2,1,0,0,2,2,1,0,2,1,2,1,2,1,0,2,2,1,0,2,2,1,0,0,2,1,0,1,0,1,0,2,2,2,2,1,0,2,2,2,1,1,2,1,2,2,1,2,2,2,0,1,0,0,0,0,0,1,0,1,0,1,2,2,0,2,2,1,0,2,1,1,1,1,1,1,2,1,1,2,2,2,1,2,1,2,2,2,0,1,0,1,1,2,0,2,2,2,0,2,1,0,2,0,2,0,0,1,0,2,2,0,1,0,0,1,0,2,2,1,1,0,1,2,0,2,0,2,0,2,0,1,1,1,0,0,0,2,1,2,2,2,1,2,1,2,0,0,2,1,2,2,2,1,1,2,0,0,0,1,1,1,1,1,1,1,2,0,1,1,1,2,0,1,0,0
216_40,0,0,1,1,1,1,1,0,0,0,2,2,2,2,1,0,1,2,0,1,1,1,2,0,2,1,2,0,2,2,1,0,2,1,2,1,2,1,0,2,2,0,0,2,2,1,0,0,2,1,0,1,0,1,0,2,2,2,2,1,0,2,2,2,1,1,2,1,2,2,1,2,0,0,0,1,0,0,2,1,0,1,0,1,0,1,0,2,0,2,2,1,0,2,1,1,1,1,1,1,2,1,1,2,2,2,1,2,1,2,2,2,0,1,0,1,1,2,0,2,2,2,0,2,1,1,2,0,2,0,0,1,0,2,2,0,1,0,0,1,0,2,2,1,1,0,1,2,0,2,0,2,0,2,0,1,1,0,0,0,0,2,1,2,2,2,1,2,1,2,1,0,2,1,2,2,2,1,1,2,0,0,0,1,1,1,1,1,1,1,2,0,1,1,1,2,0,1,0,0
I29,0,0,1,0,1,1,1,0,2,0,2,0,2,2,1,0,1,2,0,0,1,1,2,2,2,1,1,0,2,2,1,1,2,1,2,1,2,1,0,2,2,0,0,2,2,1,0,1,2,1,0,1,0,1,0,2,2,2,0,1,0,2,2,2,1,1,2,1,0,2,1,2,0,0,0,1,0,0,0,0,0,1,0,1,0,1,0,2,0,2,2,1,0,2,1,1,1,1,1,1,2,1,1,2,2,2,1,2,1,0,2,0,0,1,0,1,1,2,0,2,2,0,0,0,0,1,2,0,2,0,0,1,1,2,2,0,1,0,0,1,0,2,2,1,1,0,0,2,0,2,0,2,0,2,0,0,1,0,0,0,0,2,1,2,2,2,1,2,0,2,0,0,2,1,2,1,2,0,1,2,0,0,0,1,1,1,1,1,1,1,2,2,1,0,1,2,1,0,0,0
216_43,1,0,1,0,1,1,1,0,2,0,2,0,2,2,1,0,1,2,0,0,1,1,2,2,2,1,1,0,2,2,1,1,2,1,2,1,2,1,0,2,2,0,1,2,2,1,0,1,2,1,1,1,0,1,0,2,2,2,1,1,1,2,2,2,1,1,2,1,0,2,1,2,1,0,0,1,0,0,0,0,0,1,0,1,0,1,0,2,0,2,2,1,0,2,1,1,1,1,1,1,2,1,1,2,2,2,1,2,1,0,2,0,0,1,0,1,1,2,2,2,2,0,0,0,0,1,2,1,2,0,0,1,1,2,2,0,1,1,0,1,0,2,2,1,1,0,0,2,0,2,0,2,0,2,0,0,1,0,0,0,0,2,1,2,2,2,1,2,0,2,0,0,2,1,2,1,2,2,1,2,0,0,0,1,1,1,1,1,1,1,2,2,1,0,1,2,1,0,0,0
216_42,0,0,1,0,1,1,1,0,2,0,2,0,2,2,1,0,1,2,0,0,1,1,2,2,2,1,1,0,2,2,1,1,2,1,2,1,2,1,2,2,2,0,2,2,2,1,2,1,2,1,0,1,0,1,0,2,2,2,0,1,0,2,2,2,1,1,2,1,0,2,1,2,0,0,0,1,0,0,0,0,0,1,0,1,0,1,0,2,0,2,2,1,0,2,1,1,1,1,1,1,2,1,1,2,2,2,1,2,1,0,2,0,0,1,0,1,1,2,0,2,2,0,0,2,0,1,2,0,2,0,0,1,1,2,2,0,1,0,0,1,0,2,2,1,1,0,0,2,0,2,0,2,0,2,0,0,1,0,0,0,0,2,1,2,2,2,1,2,0,2,1,0,2,1,2,1,2,0,1,2,0,0,0,1,1,1,1,1,1,1,2,2,1,0,1,2,1,0,0,0
Evolve tree: [&R] ((((((216_42:22,216_43:22)I29:39,(216_40:16,216_41:16)I28:45)I27:46,((216_44:20,216_45:20)I26:41,(216_46:20,216_47:20)I25:41)I24:46)I23:45,(((216_32:14,216_33:14)I22:40,(216_34:13,216_35:13)I21:41)I20:50,((216_36:12,216_37:12)I19:42,(216_38:12,216_39:12)I18:42)I17:50)I16:48)I15:46,(((216_26:20,216_27:20)I14:45,(216_24:19,216_25:19)I13:46)I12:44,((216_20:22,216_21:22)I11:40,(216_22:18,216_23:18)I10:44)I9:47)I8:89)I7:17,((((216_12:15,216_13:15)I6:34,(216_10:9,216_11:9)I5:40)I4:47,216_17:96)I3:100,(216_3:22,216_4:22)I2:174)I1:19)I0;