cell,r0,r1,r2,r3,r4,r5,r6,r7,r8,r9,r10,r11,r12,r13,r14,r15,r16,r17,r18,r19,r20,r21,r22,r23,r24,r25,r26,r27,r28,r29,r30,r31,r32,r33,r34,r35,r36,r37,r38,r39,r40,r41,r42,r43,r44,r45,r46,r47,r48,r49
I0,0,0,0,0,0,0,0,0,0,0,0,0,0,0,0,0,0,0,0,0,0,0,0,0,0,0,0,0,0,0,0,0,0,0,0,0,0,0,0,0,0,0,0,0,0,0,0,0,0,0
I1,0,0,0,0,0,0,0,0,0,0,0,1,1,0,2,0,0,0,1,0,0,0,1,1,0,1,0,0,2,0,0,0,0,0,0,1,2,0,0,2,0,0,0,1,0,2,0,2,0,0
I2,2,0,0,0,0,2,2,0,2,2,0,1,1,0,2,0,0,1,1,1,0,1,1,1,0,1,0,0,2,2,0,1,0,2,0,1,2,0,2,2,2,1,0,1,0,2,0,2,2,0
216_13,2,0,0,0,2,2,2,0,2,2,2,1,1,0,2,2,0,1,1,1,0,1,1,1,0,1,2,0,2,2,1,1,0,2,0,1,2,2,2,2,2,1,2,1,2,2,0,2,2,2
I3,2,0,0,2,0,2,2,0,2,2,0,1,1,1,2,2,0,1,1,1,2,1,1,1,0,1,1,0,2,2,2,1,0,2,0,1,2,0,2,2,2,1,0,1,0,2,0,2,2,1
216_15,2,0,0,2,0,2,2,0,2,2,0,1,1,1,2,2,2,1,1,1,2,1,1,1,0,1,1,0,2,2,2,1,0,2,0,1,2,0,2,2,2,1,0,1,0,2,2,2,2,1
216_14,2,0,0,2,0,2,2,0,2,2,1,1,1,1,2,2,0,1,1,1,2,1,1,1,0,1,1,0,2,2,2,1,0,2,0,1,2,0,2,2,2,1,0,1,0,2,0,2,2,1
I4,0,0,0,0,0,0,0,0,2,1,0,1,1,0,2,1,0,0,1,0,0,1,1,1,0,1,2,1,2,0,0,1,0,0,0,1,2,0,1,2,0,0,0,1,1,2,0,2,0,0
I5,0,2,0,1,0,1,0,0,2,1,0,1,1,2,2,1,2,0,1,0,0,1,1,1,0,1,2,1,2,0,0,1,1,1,2,1,2,0,1,2,0,0,0,1,1,2,0,2,2,0
216_19,2,2,0,1,1,1,0,0,2,1,0,1,1,2,2,1,2,0,1,0,0,1,1,1,0,1,2,1,2,0,1,1,1,1,2,1,2,0,1,2,0,0,0,1,1,2,2,2,2,0
216_18,0,2,0,1,0,1,0,2,2,1,2,1,1,2,2,1,2,0,1,0,0,1,1,1,0,1,2,1,2,0,0,1,1,1,2,1,2,0,1,2,0,0,0,1,1,2,0,2,2,0
I6,1,0,0,2,0,0,0,1,2,1,0,1,1,2,2,1,0,2,1,0,0,1,1,1,2,1,2,1,2,0,2,1,2,2,0,1,2,0,1,2,0,0,0,1,1,2,2,2,0,2
216_17,1,1,0,2,0,0,0,1,2,1,0,1,1,2,2,1,1,2,1,0,0,1,1,1,2,1,2,1,2,0,2,1,2,2,0,1,2,1,1,2,0,0,0,1,1,2,2,2,0,2
216_16,1,0,0,2,0,0,0,1,2,1,0,1,1,2,2,1,0,2,1,0,0,1,1,1,2,1,2,1,2,0,2,1,2,2,0,1,2,0,1,2,0,0,0,1,1,2,2,2,0,2
I7,0,0,0,0,2,0,0,0,0,2,0,0,2,2,0,0,0,2,2,1,0,0,2,1,0,0,0,0,1,0,0,2,0,2,0,0,2,0,2,0,0,0,0,0,0,2,0,1,2,0
I8,2,2,2,0,2,0,0,1,2,2,0,0,2,2,0,0,0,2,2,1,2,0,2,1,1,0,0,2,1,0,0,2,0,2,2,0,2,0,2,0,0,1,0,2,0,2,0,1,2,1
I9,2,2,2,2,2,0,2,1,2,2,0,0,2,2,0,1,2,2,2,1,2,0,2,1,1,0,0,2,1,0,1,2,0,2,2,0,2,1,2,0,0,1,0,2,2,2,2,1,2,1
216_2,2,2,2,2,2,0,2,1,2,2,0,2,2,2,0,1,2,2,2,1,2,0,2,1,1,1,0,2,1,0,1,2,0,2,2,0,2,1,2,0,0,1,0,2,2,2,2,1,2,1
216_1,2,2,2,2,2,1,2,1,2,2,0,2,2,2,1,1,2,2,2,1,2,0,2,1,1,2,0,2,1,0,1,2,0,2,2,0,2,1,2,0,2,1,1,2,2,2,2,1,2,1
I10,2,2,2,1,2,0,0,1,2,2,0,0,2,2,2,0,0,2,2,1,2,0,2,1,1,0,0,2,1,1,0,2,1,2,2,1,2,1,2,0,0,1,1,2,2,2,2,1,2,1
216_4,2,2,2,1,2,0,0,1,2,2,0,2,2,2,2,1,2,2,2,1,2,0,2,1,1,0,0,2,1,1,1,2,1,2,2,1,2,1,2,0,0,1,1,2,2,2,2,1,2,1
216_3,2,2,2,1,2,0,0,1,2,2,0,2,2,2,2,0,0,2,2,1,2,0,2,1,1,0,0,2,1,1,1,2,1,2,2,1,2,1,2,0,0,1,1,2,2,2,2,1,2,1
I11,1,2,1,0,2,0,0,1,0,2,0,2,2,2,0,0,0,2,2,1,0,0,2,1,0,1,0,0,1,0,1,2,1,2,0,0,2,0,2,0,0,0,0,0,0,2,2,1,2,1
I12,1,2,1,0,2,0,0,1,0,2,0,2,2,2,1,0,0,2,2,1,0,0,2,1,0,1,0,1,1,0,1,2,1,2,0,0,2,1,2,0,0,1,0,0,0,2,2,1,2,1
I13,1,2,1,0,2,0,1,1,0,2,1,2,2,2,1,0,0,2,2,1,0,0,2,1,0,1,0,1,1,1,1,2,1,2,0,2,2,1,2,1,2,1,1,1,0,2,2,1,2,1
216_8,1,2,1,2,2,0,1,1,0,2,1,2,2,2,1,0,0,2,2,1,0,0,2,1,0,1,0,1,1,1,1,2,1,2,0,2,2,1,2,1,2,1,1,1,0,2,2,1,2,1
216_7,1,2,1,0,2,0,1,1,0,2,1,2,2,2,1,0,0,2,2,1,0,0,2,1,0,1,0,1,1,1,1,2,1,2,0,2,2,1,2,1,2,1,1,1,0,2,2,1,2,1
I14,1,2,1,0,2,0,0,1,0,2,0,2,2,2,1,0,2,2,2,1,2,2,2,1,0,1,0,1,1,0,1,2,1,2,2,2,2,1,2,0,0,1,1,0,0,2,2,1,2,1
216_6,1,2,1,0,2,0,0,1,0,2,0,2,2,2,1,0,2,2,2,1,2,2,2,1,0,1,0,1,1,0,1,2,1,2,2,2,2,1,2,0,0,1,1,0,0,2,2,1,2,1
216_5,1,2,1,0,2,0,0,1,0,2,0,2,2,2,1,0,2,2,2,1,2,2,2,1,0,1,0,1,1,0,1,2,1,2,2,2,2,1,2,0,0,1,1,0,0,2,2,1,2,1
I15,1,2,1,0,2,0,0,1,0,2,1,2,2,2,2,2,0,2,2,1,2,0,2,1,0,1,1,1,1,0,1,2,1,2,1,0,2,0,2,2,0,0,0,0,0,2,2,1,2,1
I16,1,2,1,0,2,1,0,1,1,2,1,2,2,2,2,2,1,2,2,1,2,2,2,1,0,1,1,1,1,1,1,2,1,2,1,0,2,0,2,2,0,0,2,0,2,2,2,1,2,1
216_12,1,2,1,0,2,1,0,1,1,2,1,2,2,2,2,2,1,2,2,1,2,2,2,1,0,1,1,1,1,1,1,2,1,2,1,1,2,1,2,2,0,0,2,0,2,2,2,1,2,1
216_11,1,2,1,0,2,1,0,1,1,2,1,2,2,2,2,2,1,2,2,1,2,2,2,1,0,1,1,1,1,1,1,2,1,2,1,0,2,0,2,2,0,0,2,0,2,2,2,1,2,1
I17,1,2,1,0,2,0,0,1,0,2,1,2,2,2,2,2,1,2,2,1,2,0,2,1,1,1,1,1,1,0,1,2,1,2,1,0,2,2,2,2,0,0,0,0,1,2,2,1,2,1
216_10,1,2,1,0,2,0,0,1,0,2,1,2,2,2,2,2,1,2,2,1,2,0,2,1,1,1,1,1,1,0,1,2,1,2,1,0,2,2,2,2,0,0,0,0,1,2,2,1,2,1
216_9,1,2,1,0,2,0,0,1,0,2,1,2,2,2,2,2,1,2,2,1,2,0,2,1,1,1,1,1,1,0,1,2,1,2,1,0,2,2,2,2,0,0,0,0,1,2,2,1,2,1
Evolve tree: [&R] (((((216_9:9,216_10:9)I17:53,(216_11:7,216_12:7)I16:55)I15:50,((216_5:5,216_6:5)I14:52,(216_7:3,216_8:3)I13:54)I12:55)I11:57,((216_3:46,216_4:46)I10:62,(216_1:42,216_2:42)I9:66)I8:61)I7:42,(((216_16:29,216_17:29)I6:60,(216_18:28,216_19:28)I5:61)I4:70,((216_14:17,216_15:17)I3:63,216_13:80)I2:79)I1:52)I0:4;