cell,r0,r1,r2,r3,r4,r5,r6,r7,r8,r9,r10,r11,r12,r13,r14,r15,r16,r17,r18,r19,r20,r21,r22,r23,r24,r25,r26,r27,r28,r29,r30,r31,r32,r33,r34,r35,r36,r37,r38,r39,r40,r41,r42,r43,r44,r45,r46,r47,r48,r49,r50,r51,r52,r53,r54,r55,r56,r57,r58,r59,r60,r61,r62,r63,r64,r65,r66,r67,r68,r69,r70,r71,r72,r73,r74,r75,r76,r77,r78,r79,r80,r81,r82,r83,r84,r85,r86,r87,r88,r89,r90,r91,r92,r93,r94,r95,r96,r97,r98,r99,r100,r101,r102,r103,r104,r105,r106,r107,r108,r109,r110,r111,r112,r113,r114,r115,r116,r117,r118,r119,r120,r121,r122,r123,r124,r125,r126,r127,r128,r129,r130,r131,r132,r133,r134,r135,r136,r137,r138,r139,r140,r141,r142,r143,r144,r145,r146,r147,r148,r149,r150,r151,r152,r153,r154,r155,r156,r157,r158,r159,r160,r161,r162,r163,r164,r165,r166,r167,r168,r169,r170,r171,r172,r173,r174,r175,r176,r177,r178,r179,r180,r181,r182,r183,r184,r185,r186,r187,r188,r189,r190,r191,r192,r193,r194,r195,r196,r197,r198,r199
I0,0,0,0,0,0,0,0,0,0,0,0,0,0,0,0,0,0,0,0,0,0,0,0,0,0,0,0,0,0,0,0,0,0,0,0,0,0,0,0,0,0,0,0,0,0,0,0,0,0,0,0,0,0,0,0,0,0,0,0,0,0,0,0,0,0,0,0,0,0,0,0,0,0,0,0,0,0,0,0,0,0,0,0,0,0,0,0,0,0,0,0,0,0,0,0,0,0,0,0,0,0,0,0,0,0,0,0,0,0,0,0,0,0,0,0,0,0,0,0,0,0,0,0,0,0,0,0,0,0,0,0,0,0,0,0,0,0,0,0,0,0,0,0,0,0,0,0,0,0,0,0,0,0,0,0,0,0,0,0,0,0,0,0,0,0,0,0,0,0,0,0,0,0,0,0,0,0,0,0,0,0,0,0,0,0,0,0,0,0,0,0,0,0,0,0,0,0,0,0,0
I1,0,0,0,0,0,0,0,0,1,0,0,0,0,0,2,1,0,0,0,0,0,0,2,1,1,0,1,0,0,0,0,0,0,0,2,0,1,0,1,0,0,0,2,1,0,0,0,0,0,1,0,1,1,1,0,2,0,2,0,0,1,0,0,1,0,0,0,0,0,0,1,0,0,1,0,0,0,0,0,1,0,1,0,0,0,0,0,0,2,0,0,0,0,0,0,0,0,0,0,0,0,0,0,0,0,1,0,0,0,0,0,0,0,0,0,0,0,0,0,1,0,1,0,2,0,0,0,0,0,0,0,0,0,0,0,0,0,0,0,0,0,2,0,0,0,0,0,0,0,0,0,0,0,0,0,0,0,0,0,0,0,0,1,0,0,0,0,0,0,1,0,0,0,0,0,2,0,0,1,0,0,0,0,0,0,0,0,2,0,0,0,0,0,0,0,0,0,0,1,1
I2,0,0,0,0,0,0,2,1,1,1,0,0,0,1,2,1,0,0,0,0,0,0,2,1,1,0,1,0,1,0,0,1,0,1,2,0,1,0,1,0,0,1,2,1,1,0,2,1,0,1,0,1,1,1,0,2,2,2,2,2,1,0,0,1,0,2,0,2,0,0,1,0,0,1,0,0,1,0,1,1,2,1,2,0,0,0,0,0,2,0,0,1,0,0,0,0,0,0,0,0,0,1,0,0,0,1,0,0,0,1,0,0,0,1,0,0,0,0,0,1,0,1,0,2,0,2,0,0,0,1,0,0,0,0,1,0,0,0,0,0,0,2,0,0,0,0,0,2,0,0,0,0,0,2,0,1,0,0,1,0,2,0,1,0,0,0,0,0,1,1,0,1,1,0,0,2,0,0,1,0,0,0,2,0,0,0,2,2,1,1,0,0,1,0,1,1,1,0,1,1
I3,1,2,0,0,0,0,2,1,1,1,0,0,0,1,2,1,0,1,0,0,0,0,2,1,1,0,1,0,1,0,2,1,0,1,2,0,1,0,1,0,0,1,2,1,1,1,2,1,0,1,0,1,1,1,0,2,2,2,2,2,1,2,2,1,0,2,0,2,0,0,1,1,0,1,2,0,1,0,1,1,2,1,2,0,0,1,0,1,2,0,0,1,0,0,1,0,0,0,1,0,0,1,2,0,1,1,2,0,0,1,0,0,0,1,1,0,0,2,0,1,0,1,2,2,0,2,0,0,0,1,0,0,1,0,1,0,0,1,0,0,2,2,0,0,0,0,0,2,0,0,1,0,0,2,0,1,0,0,1,1,2,0,1,0,0,0,0,0,1,1,0,1,1,0,0,2,0,1,1,0,2,0,2,0,0,0,2,2,1,1,1,1,1,2,1,1,1,1,1,1
216_14,1,2,0,0,0,0,2,1,1,1,0,0,0,1,2,1,0,1,0,1,0,0,2,1,1,0,1,0,1,0,2,1,1,1,2,0,1,0,1,0,0,1,2,1,1,1,2,1,1,1,0,1,1,1,0,2,2,2,2,2,1,2,2,1,2,2,1,2,0,0,1,1,1,1,2,0,1,2,1,1,2,1,2,0,0,1,0,1,2,0,1,1,0,1,1,0,0,0,1,0,0,1,2,0,1,1,2,0,0,1,0,0,0,1,1,0,1,2,1,1,0,1,2,2,0,2,1,0,0,1,0,0,1,0,1,0,0,1,1,2,2,2,0,0,2,0,2,2,1,1,1,0,1,2,0,1,0,0,1,1,2,0,1,0,2,0,0,0,1,1,0,1,1,2,0,2,0,1,1,0,2,0,2,0,0,2,2,2,1,1,1,1,1,2,1,1,1,1,1,1
I4,1,2,0,1,1,2,2,1,1,1,2,0,1,1,2,1,0,1,0,1,0,0,2,1,1,0,1,0,1,0,2,1,0,1,2,0,1,1,1,0,2,1,2,1,1,1,2,1,0,1,2,1,1,1,0,2,2,2,2,2,1,2,2,1,0,2,0,2,0,0,1,1,0,1,2,0,1,0,1,1,2,1,2,2,0,1,0,1,2,0,0,1,0,0,1,2,0,0,1,0,0,1,2,0,1,1,2,0,0,1,0,1,0,1,1,0,1,2,0,1,0,1,2,2,0,2,2,0,2,1,0,0,1,1,1,0,0,1,1,0,2,2,2,1,0,0,0,2,0,0,1,0,2,2,0,1,0,0,1,1,2,0,1,0,0,0,1,0,1,1,2,1,1,2,0,2,0,1,1,0,2,0,2,0,0,0,2,2,1,1,1,1,1,2,1,1,1,1,1,1
216_16,1,2,0,1,1,2,2,1,1,1,2,0,1,1,2,1,0,1,2,1,1,0,2,1,1,0,1,0,1,0,2,1,0,1,2,0,1,1,1,0,2,1,2,1,1,1,2,1,0,1,2,1,1,1,0,2,2,2,2,2,1,2,2,1,0,2,0,2,0,0,1,1,0,1,2,0,1,0,1,1,2,1,2,2,0,1,0,1,2,0,0,1,2,0,1,2,0,0,1,0,0,1,2,0,1,1,2,0,0,1,2,1,0,1,1,0,1,2,0,1,0,1,2,2,0,2,2,0,2,1,0,0,1,1,1,2,0,1,1,0,2,2,2,1,0,0,0,2,1,0,1,0,2,2,0,1,0,0,1,1,2,0,1,0,0,0,1,0,1,1,2,1,1,2,0,2,0,1,1,0,2,0,2,0,2,0,2,2,1,1,1,1,1,2,1,1,1,1,1,1
216_15,1,2,0,1,1,2,2,1,1,1,2,1,1,1,2,1,1,1,0,1,0,0,2,1,1,0,1,0,1,0,2,1,0,1,2,0,1,1,1,0,2,1,2,1,1,1,2,1,0,1,2,1,1,1,0,2,2,2,2,2,1,2,2,1,0,2,0,2,0,0,1,1,0,1,2,0,1,1,1,1,2,1,2,2,0,1,0,1,2,0,0,1,0,0,1,2,0,0,1,0,0,1,2,0,1,1,2,0,0,1,0,1,0,1,1,0,1,2,0,1,0,1,2,2,0,2,2,0,2,1,0,0,1,1,1,0,0,1,1,1,2,2,2,1,0,0,0,2,0,2,1,0,2,2,0,1,0,2,1,1,2,0,1,2,0,1,1,0,1,1,2,1,1,2,0,2,0,1,1,0,2,0,2,0,0,0,2,2,1,1,1,1,1,2,1,1,1,1,1,1
I5,0,0,0,0,0,0,2,1,1,1,0,1,0,1,2,1,0,0,0,0,0,0,2,1,1,0,1,0,1,0,0,1,0,1,2,0,1,0,1,0,1,1,2,1,1,0,2,1,0,1,0,1,1,1,2,2,2,2,2,2,1,0,0,1,0,2,1,2,0,1,1,0,0,1,0,1,1,0,1,1,2,1,2,0,1,0,0,0,2,0,0,1,0,0,0,2,2,0,0,0,0,1,0,0,1,1,0,0,0,1,2,0,0,1,0,1,0,0,0,1,1,1,0,2,0,2,0,2,0,1,0,0,0,0,1,0,0,2,1,0,1,2,0,0,0,0,0,2,0,0,0,0,0,2,0,1,0,0,1,1,2,0,1,0,0,1,2,0,1,1,2,1,1,0,2,2,0,0,1,0,2,0,2,0,0,0,2,2,1,1,0,0,1,1,1,1,1,0,1,1
I6,0,0,2,2,0,0,2,1,1,1,0,1,1,1,2,1,0,0,0,2,0,0,2,1,1,1,1,0,1,0,1,1,2,1,2,1,1,0,1,1,1,1,2,1,1,0,2,1,0,1,0,1,1,1,2,2,2,2,2,2,1,2,0,1,0,2,1,2,0,1,1,0,0,1,0,1,1,0,1,1,2,1,2,0,1,0,0,0,2,2,0,1,0,0,0,2,2,2,2,2,0,1,0,0,1,1,0,0,0,1,2,0,1,1,0,1,2,0,0,1,1,1,0,2,2,2,0,2,0,1,0,0,0,0,1,0,0,2,1,2,1,2,1,0,0,0,0,2,0,0,0,0,0,2,0,1,0,2,1,1,2,0,1,1,0,1,2,0,1,1,2,1,1,2,2,2,0,0,1,0,2,0,2,0,2,2,2,2,1,1,1,0,1,1,1,1,1,0,1,1
216_10,0,0,2,2,0,0,2,1,1,1,0,1,1,1,2,1,0,0,0,2,0,0,2,1,1,1,1,0,1,0,1,1,2,1,2,1,1,0,1,1,1,1,2,1,1,0,2,1,0,1,0,1,1,1,2,2,2,2,2,2,1,2,0,1,0,2,1,2,0,1,1,0,0,1,0,1,1,0,1,1,2,1,2,0,1,0,0,0,2,2,0,1,0,0,0,2,2,2,2,2,0,1,0,0,1,1,0,0,0,1,2,0,1,1,0,1,2,0,0,1,1,1,0,2,2,2,0,2,0,1,0,0,0,0,1,0,0,2,1,2,1,2,1,0,0,2,0,2,0,0,0,0,0,2,0,1,0,2,1,1,2,0,1,1,0,1,2,0,1,1,2,1,1,2,2,2,0,0,1,0,2,0,2,0,2,2,2,2,1,1,1,0,1,1,1,1,1,0,1,1
216_9,0,0,2,2,0,0,2,1,1,1,0,1,1,1,2,1,1,2,0,2,0,0,2,1,1,1,1,0,1,0,1,1,2,1,2,1,1,0,1,1,1,1,2,1,1,0,2,1,0,1,0,1,1,1,2,2,2,2,2,2,1,2,0,1,0,2,1,2,0,1,1,0,0,1,2,1,1,0,1,1,2,1,2,0,1,0,0,0,2,2,0,1,0,0,0,2,2,2,2,2,0,1,0,0,1,1,0,0,0,1,2,2,1,1,0,1,2,0,0,1,1,1,0,2,2,2,0,2,0,1,0,0,0,0,1,0,0,2,1,2,1,2,1,0,0,0,0,2,0,0,0,0,0,2,0,1,0,2,1,1,2,0,1,1,2,1,2,0,1,1,2,1,1,2,2,2,0,0,1,0,2,2,2,0,2,2,2,2,1,1,1,0,1,1,1,1,1,0,1,1
I7,2,0,0,0,1,0,2,1,1,1,0,1,0,1,2,1,0,0,0,0,0,0,2,1,1,0,1,0,1,0,2,1,1,1,2,0,1,1,1,1,1,1,2,1,1,0,2,1,0,1,0,1,1,1,2,2,2,2,2,2,1,0,2,1,1,2,1,2,2,1,1,0,0,1,0,1,1,0,1,1,2,1,2,0,1,0,0,0,2,0,0,1,0,0,0,2,2,0,0,1,2,1,0,0,1,1,0,0,2,1,2,1,0,1,0,1,0,1,0,1,1,1,0,2,0,2,0,2,0,1,0,0,0,2,1,0,0,2,1,0,1,2,0,1,0,0,0,2,1,0,0,0,0,2,0,1,0,0,1,1,2,0,1,2,0,1,2,0,1,1,2,1,1,0,2,2,0,1,1,0,2,0,2,1,2,0,2,2,1,1,0,0,1,1,1,1,1,0,1,1
216_12,2,0,0,0,1,0,2,1,1,1,0,1,0,1,2,1,0,0,0,0,0,0,2,1,1,0,1,2,1,1,2,1,1,1,2,0,1,1,1,1,1,1,2,1,1,0,2,1,0,1,0,1,1,1,2,2,2,2,2,2,1,0,2,1,1,2,1,2,2,1,1,2,0,1,0,1,1,0,1,1,2,1,2,0,1,0,0,0,2,0,0,1,0,0,0,2,2,0,0,1,2,1,0,0,1,1,0,1,2,1,2,1,0,1,0,1,0,1,1,1,1,1,0,2,0,2,0,2,0,1,0,2,0,2,1,0,0,2,1,2,1,2,0,1,0,0,0,2,1,0,0,0,0,2,0,1,0,0,1,1,2,1,1,2,0,1,2,0,1,1,2,1,1,0,2,2,0,1,1,0,2,0,2,1,2,0,2,2,1,1,0,1,1,1,1,1,1,0,1,1
216_11,2,0,0,0,1,0,2,1,1,1,0,1,0,1,2,1,0,0,0,0,0,0,2,1,1,0,1,0,1,0,2,1,1,1,2,0,1,1,1,1,1,1,2,1,1,0,2,1,0,1,0,1,1,1,2,2,2,2,2,2,1,0,2,1,1,2,1,2,2,1,1,0,0,1,0,1,1,0,1,1,2,1,2,0,1,0,0,0,2,0,0,1,0,2,0,2,2,0,0,1,2,1,0,0,1,1,0,0,2,1,2,1,0,1,0,1,0,1,0,1,1,1,0,2,0,2,0,2,0,1,1,0,0,2,1,0,0,2,1,0,1,2,0,1,0,0,0,2,1,0,0,0,0,2,0,1,0,0,1,1,2,0,1,2,0,1,2,0,1,1,2,1,1,0,2,2,0,1,1,0,2,0,2,1,2,0,2,2,1,1,0,0,1,1,1,1,1,0,1,1
I8,0,0,1,0,0,0,0,0,1,0,0,0,0,0,2,1,0,0,0,0,2,0,2,1,1,0,1,0,0,0,0,0,0,2,2,0,1,1,1,0,0,0,2,1,0,0,0,0,0,1,0,1,1,1,1,2,0,2,0,1,1,0,0,1,0,0,0,1,0,2,1,0,0,1,0,0,2,1,0,1,2,1,0,0,0,0,1,0,2,0,0,0,0,1,0,0,1,0,0,0,0,2,0,0,2,1,0,0,2,0,0,0,2,0,2,0,0,1,1,1,0,1,0,2,0,1,0,0,0,0,0,0,1,2,0,0,0,0,0,0,0,2,0,0,0,2,0,0,2,1,0,0,0,0,0,0,0,0,0,2,0,1,1,0,0,0,0,0,0,1,0,2,2,0,2,2,0,0,1,0,0,0,0,0,0,1,0,2,0,2,0,0,1,0,0,0,0,1,1,1
I9,0,2,1,0,0,0,0,1,1,0,0,2,1,0,2,1,0,1,0,2,2,0,2,1,1,0,1,0,0,0,0,0,0,2,2,0,1,1,1,0,0,0,2,1,2,0,0,2,0,1,0,1,1,1,1,2,0,2,0,1,1,0,1,1,0,0,2,1,0,2,1,0,2,1,0,1,2,1,2,1,2,1,0,0,0,0,1,0,2,0,0,0,0,1,0,0,1,0,0,2,0,2,0,0,2,1,0,0,2,2,2,0,2,0,2,0,2,1,1,1,0,1,1,2,0,1,0,0,0,0,2,2,1,2,0,0,0,0,0,0,0,2,1,0,0,2,2,0,2,1,0,0,0,0,2,1,0,0,0,2,0,1,1,2,1,0,0,1,1,1,0,2,2,2,2,2,0,0,1,0,0,0,0,1,0,1,0,2,0,2,0,0,1,0,2,0,0,1,1,1
I10,2,2,1,0,0,0,0,1,1,0,0,2,1,2,2,1,0,1,2,2,2,0,2,1,1,0,1,0,0,0,0,0,0,2,2,0,1,1,1,0,0,0,2,1,2,0,0,2,0,1,1,1,1,1,1,2,0,2,0,1,1,0,1,1,0,2,2,1,0,2,1,0,2,1,0,1,2,1,2,1,2,1,2,0,0,0,1,0,2,0,0,1,2,1,1,0,1,0,1,2,0,2,0,0,2,1,0,0,2,2,2,0,2,0,2,0,2,1,1,1,2,1,1,2,0,1,0,0,1,0,2,2,1,2,2,0,0,2,0,0,0,2,1,0,0,2,2,1,2,1,0,0,0,0,2,1,2,0,0,2,0,1,1,2,1,0,0,1,1,1,0,2,2,2,2,2,0,0,1,0,0,0,0,1,1,1,0,2,0,2,1,0,1,2,2,1,0,1,1,1
216_8,2,2,1,0,2,0,0,1,1,0,0,2,1,2,2,1,0,1,2,2,2,0,2,1,1,0,1,0,0,0,0,1,0,2,2,0,1,1,1,0,0,0,2,1,2,0,0,2,0,1,1,1,1,1,1,2,0,2,0,1,1,0,1,1,0,2,2,1,1,2,1,0,2,1,2,1,2,1,2,1,2,1,2,0,0,1,1,0,2,0,0,1,2,1,1,0,1,0,1,2,0,2,0,0,2,1,0,0,2,2,2,0,2,0,2,2,2,1,1,1,2,1,1,2,0,1,0,0,1,0,2,2,1,2,2,0,0,2,0,0,0,2,1,0,1,2,2,1,2,1,0,0,0,0,2,1,2,2,0,2,1,1,1,2,1,2,0,1,1,1,0,2,2,2,2,2,0,0,1,0,2,0,0,1,1,1,0,2,1,2,1,0,1,2,2,1,0,1,1,1
216_7,2,2,1,0,0,0,0,1,1,1,0,2,1,2,2,1,0,1,2,2,2,0,2,1,1,0,1,0,0,0,0,0,0,2,2,0,1,1,1,0,0,0,2,1,2,0,2,2,0,1,1,1,1,1,1,2,0,2,0,1,1,0,1,1,0,2,2,1,0,2,1,0,2,1,0,1,2,1,2,1,2,1,2,0,0,0,1,0,2,0,0,1,2,1,1,2,1,0,1,2,0,2,0,0,2,1,0,0,2,2,2,0,2,0,2,0,2,1,1,1,2,1,1,2,0,1,0,2,1,0,2,2,1,2,2,0,0,2,0,2,0,2,1,0,0,2,2,1,2,1,0,0,0,0,2,1,2,0,0,2,0,1,1,2,1,1,0,1,1,1,0,2,2,2,2,2,2,0,1,0,0,0,0,1,1,1,0,2,0,2,1,0,1,2,2,1,0,1,1,1
I11,0,2,1,0,0,2,2,1,1,0,0,2,1,0,2,1,0,1,0,2,2,0,2,1,1,0,1,0,0,0,2,0,0,2,2,0,1,1,1,0,0,0,2,1,2,0,1,2,0,1,0,1,1,1,1,2,0,2,2,1,1,1,1,1,2,0,2,1,0,2,1,0,2,1,2,1,2,1,2,1,2,1,0,1,0,2,1,0,2,0,0,0,0,1,0,1,1,0,0,2,0,2,0,0,2,1,0,0,2,2,2,0,2,0,2,0,2,1,1,1,0,1,1,2,0,1,0,0,1,1,2,2,1,2,0,0,0,0,0,0,0,2,1,1,2,2,2,2,2,1,0,0,2,0,2,1,0,0,0,2,0,1,1,2,1,0,0,1,1,1,0,2,2,2,2,2,0,0,1,0,0,0,1,1,0,1,0,2,0,2,0,0,1,2,2,1,0,1,1,1
216_6,0,2,1,0,0,2,2,1,1,0,2,2,1,0,2,1,0,1,0,2,2,0,2,1,1,0,1,0,0,1,2,0,0,2,2,0,1,1,1,0,0,0,2,1,2,0,1,2,0,1,0,1,1,1,1,2,0,2,2,1,1,1,1,1,2,0,2,1,0,2,1,1,2,1,2,1,2,1,2,1,2,1,0,1,0,2,1,0,2,2,0,0,0,1,0,1,1,0,0,2,0,2,2,0,2,1,0,2,2,2,2,0,2,1,2,0,2,1,1,1,0,1,1,2,0,1,0,0,1,1,2,2,1,2,0,0,0,0,2,0,0,2,1,1,2,2,2,2,2,1,0,2,2,0,2,1,0,0,0,2,0,1,1,2,1,0,0,1,1,1,0,2,2,2,2,2,0,1,1,0,0,0,1,1,0,1,0,2,0,2,0,0,1,2,2,1,1,1,1,1
216_5,0,2,1,0,0,2,2,1,1,0,0,2,1,0,2,1,1,1,0,2,2,0,2,1,1,0,1,0,0,0,2,2,0,2,2,0,1,1,1,0,0,0,2,1,2,0,1,2,0,1,0,1,1,1,1,2,0,2,2,1,1,1,1,1,2,0,2,1,0,2,1,2,2,1,2,1,2,1,2,1,2,1,0,1,0,2,1,0,2,0,0,0,0,1,0,1,1,0,2,2,0,2,0,0,2,1,0,0,2,2,2,0,2,0,2,0,2,1,1,1,0,1,1,2,0,1,0,0,1,1,2,2,1,2,0,0,2,0,1,2,0,2,1,1,2,2,2,2,2,1,0,0,2,0,2,1,0,0,1,2,0,1,1,2,1,2,0,1,1,1,0,2,2,2,2,2,2,0,1,0,0,0,1,1,0,1,0,2,0,2,0,0,1,2,2,1,0,1,1,1
I12,1,0,1,0,1,0,0,0,1,2,2,0,0,0,2,1,0,0,0,0,2,0,2,1,1,1,1,1,1,1,2,0,0,2,2,0,1,1,1,0,1,0,2,1,2,0,0,0,0,1,0,1,1,1,1,2,0,2,0,1,1,0,1,1,0,0,0,1,0,2,1,2,2,1,1,0,2,1,0,1,2,1,0,0,1,0,1,0,2,2,0,0,0,1,2,2,1,2,0,0,0,2,1,0,2,1,2,0,2,0,0,0,2,1,2,0,0,1,1,1,0,1,0,2,0,1,0,1,0,0,2,0,1,2,0,0,0,1,0,0,0,2,0,0,2,2,1,0,2,1,2,1,0,1,0,0,0,1,0,2,0,1,1,0,0,0,0,2,1,1,0,2,2,0,2,2,0,0,1,0,1,0,0,0,0,1,2,2,0,2,0,0,1,0,0,2,0,1,1,1
I13,1,0,1,0,1,2,0,0,1,2,2,0,0,2,2,1,2,0,1,0,2,0,2,1,1,1,1,1,1,1,2,0,0,2,2,0,1,1,1,1,1,0,2,1,2,0,0,0,1,1,1,1,1,1,1,2,0,2,0,1,1,0,1,1,0,1,0,1,0,2,1,2,2,1,1,0,2,1,2,1,2,1,0,2,1,2,1,2,2,2,0,1,1,1,2,2,1,2,1,0,2,2,1,0,2,1,2,0,2,0,0,0,2,1,2,0,1,1,1,1,0,1,0,2,0,1,0,1,2,0,2,2,1,2,0,1,0,1,0,2,0,2,0,0,2,2,1,0,2,1,2,1,0,1,0,0,1,1,0,2,0,1,1,0,0,0,1,2,1,1,0,2,2,2,2,2,0,0,1,1,1,0,1,0,1,1,2,2,0,2,0,0,1,1,0,2,0,1,1,1
216_4,1,2,1,0,1,2,0,0,1,2,2,0,0,2,2,1,2,0,1,0,2,0,2,1,1,1,1,1,1,1,2,0,0,2,2,0,1,1,1,1,1,0,2,1,2,0,0,0,1,1,1,1,1,1,1,2,0,2,0,1,1,0,1,1,0,1,0,1,0,2,1,2,2,1,1,0,2,1,2,1,2,1,0,2,1,2,1,2,2,2,0,1,1,1,2,2,1,2,1,0,2,2,1,0,2,1,2,0,2,0,0,0,2,1,2,0,1,1,1,1,0,1,0,2,0,1,1,1,2,0,2,2,1,2,0,1,0,1,0,2,0,2,0,0,2,2,1,0,2,1,2,1,0,1,0,0,1,1,0,2,0,1,1,0,0,0,1,2,1,1,0,2,2,2,2,2,0,0,1,1,1,0,1,0,1,1,2,2,0,2,0,0,1,1,0,2,0,1,1,1
216_3,1,0,1,0,1,2,0,0,1,2,2,0,0,2,2,1,2,0,1,1,2,0,2,1,1,1,1,1,1,1,2,0,0,2,2,0,1,1,1,1,1,0,2,1,2,0,0,2,1,1,1,1,1,1,1,2,0,2,0,1,1,0,1,1,0,1,0,1,0,2,1,2,2,1,1,0,2,1,2,1,2,1,0,2,1,2,1,2,2,2,0,1,1,1,2,2,1,2,1,0,2,2,1,0,2,1,2,0,2,0,0,0,2,1,2,0,1,1,1,1,0,1,0,2,0,1,0,1,2,0,2,2,1,2,0,1,0,1,0,2,0,2,0,0,2,2,1,0,2,1,2,1,0,1,0,0,1,1,0,2,0,1,1,1,0,0,1,2,1,1,0,2,2,2,2,2,0,0,1,1,1,0,1,0,1,1,2,2,0,2,0,0,1,1,0,2,0,1,1,1
I14,1,0,1,0,1,1,1,0,1,2,2,0,0,1,2,1,0,0,2,0,2,0,2,1,1,1,1,1,1,1,2,2,0,2,2,2,1,1,1,0,1,1,2,1,2,0,0,0,2,1,0,1,1,1,1,2,2,2,2,1,1,0,1,1,2,1,0,1,0,2,1,2,2,1,1,0,2,1,0,1,2,1,2,1,1,0,1,1,2,2,0,0,0,1,2,2,1,2,0,0,0,2,1,0,2,1,2,0,2,0,0,0,2,1,2,0,0,1,1,1,0,1,0,2,0,1,0,1,0,0,2,0,1,2,0,0,0,1,0,2,0,2,1,0,2,2,1,0,2,1,2,1,0,1,1,1,1,1,0,2,0,1,1,0,2,0,0,2,1,1,0,2,2,0,2,2,0,0,1,0,1,0,2,0,0,1,2,2,1,2,0,0,1,0,0,2,2,1,1,1
216_2,1,2,1,0,1,1,1,0,1,2,2,0,0,1,2,1,0,0,2,0,2,0,2,1,1,1,1,1,1,1,2,2,0,2,2,2,1,1,1,0,1,1,2,1,2,0,0,0,2,1,1,1,1,1,1,2,2,2,2,1,1,0,1,1,2,1,0,1,0,2,1,2,2,1,1,0,2,1,0,1,2,1,2,1,1,0,1,1,2,2,0,2,0,1,2,2,1,2,0,0,0,2,1,0,2,1,2,0,2,0,0,0,2,1,2,0,0,1,1,1,0,1,0,2,2,1,0,1,0,0,2,0,1,2,0,0,0,1,0,2,0,2,1,0,2,2,1,0,2,1,2,1,0,1,1,1,1,1,0,2,0,1,1,0,2,0,0,2,1,1,1,2,2,0,2,2,0,0,1,0,1,0,2,0,0,1,2,2,1,2,2,0,1,1,0,2,2,1,1,1
216_1,1,0,1,0,1,1,1,0,1,2,2,2,0,1,2,1,0,1,2,0,2,0,2,1,1,1,1,1,1,1,2,2,0,2,2,2,1,1,1,0,1,1,2,1,2,0,0,0,2,1,2,1,1,1,1,2,2,2,2,1,1,0,1,1,2,1,0,1,0,2,1,2,2,1,1,0,2,1,2,1,2,1,2,1,1,0,1,1,2,2,0,0,2,1,2,2,1,2,0,0,0,2,1,0,2,1,2,0,2,0,2,0,2,1,2,0,0,1,1,1,0,1,0,2,0,1,0,1,0,0,2,0,1,2,0,2,0,1,0,2,0,2,1,0,2,2,1,0,2,1,2,1,0,1,1,1,1,1,0,2,0,1,1,0,2,0,1,2,1,1,1,2,2,0,2,2,0,0,1,0,1,1,2,0,0,1,2,2,1,2,0,0,1,0,0,2,2,1,1,1
I15,0,2,2,0,0,2,0,0,2,0,1,0,1,0,2,0,0,0,1,0,0,0,0,0,0,0,2,0,0,2,1,0,0,0,2,0,1,0,0,0,0,2,0,0,0,0,0,0,0,0,0,0,0,0,0,1,0,0,0,2,2,0,0,0,0,0,0,0,0,1,2,0,0,0,1,0,0,0,2,0,0,0,1,0,0,0,0,1,0,0,0,0,0,0,0,2,0,0,0,1,0,0,0,0,0,0,0,2,0,0,0,1,2,1,2,2,0,0,0,0,0,0,0,0,0,1,0,0,0,0,0,1,0,0,0,0,0,0,0,0,0,0,0,0,0,1,0,0,0,0,2,0,0,0,1,0,0,1,0,0,0,0,0,0,0,0,2,0,0,0,0,0,1,0,1,2,0,0,0,0,2,1,0,0,0,0,0,0,1,0,0,1,0,0,0,0,0,0,0,2
I16,1,2,2,2,0,2,0,0,2,2,1,0,1,0,2,1,0,0,1,0,2,0,0,0,0,0,2,0,0,2,1,0,0,1,2,2,1,0,2,1,0,2,0,0,0,0,0,0,1,0,0,0,0,0,1,1,0,2,2,2,2,0,0,0,0,0,0,2,1,1,2,2,0,0,1,0,0,0,2,0,2,1,1,2,0,0,1,1,0,0,0,0,1,0,0,2,0,0,0,1,1,2,0,0,0,2,0,2,0,1,0,1,2,1,2,2,0,0,2,0,0,0,2,2,2,1,0,0,2,0,1,1,2,2,0,2,0,0,0,1,2,0,0,0,0,1,2,0,0,0,2,0,1,2,1,0,0,1,2,0,0,0,2,0,2,0,2,0,2,0,0,2,1,0,1,2,1,2,0,0,2,1,0,0,0,1,0,0,1,0,0,1,0,0,0,0,0,0,1,2
216_17,1,2,2,2,0,2,0,0,2,2,1,0,1,2,2,1,0,0,1,2,2,0,2,1,0,2,2,1,1,2,1,0,1,1,2,2,1,0,2,1,0,2,0,0,1,0,0,0,1,0,0,2,0,0,1,1,1,2,2,2,2,0,0,0,0,1,1,2,1,1,2,2,0,2,1,2,1,1,2,2,2,1,1,2,0,2,1,1,2,0,0,1,1,1,0,2,0,2,0,1,1,2,0,2,0,2,0,2,1,1,1,1,2,1,2,2,2,0,2,1,0,1,2,2,2,1,0,2,2,1,1,1,2,2,0,2,0,1,0,1,2,1,1,1,0,1,2,1,1,0,2,0,1,2,1,1,0,1,2,2,1,0,2,2,2,1,2,0,2,2,0,2,1,0,1,2,1,2,2,0,2,1,1,1,0,1,2,0,1,2,0,1,0,1,2,2,2,0,1,2
I17,1,2,2,2,0,2,0,0,2,2,1,0,1,0,2,1,0,2,1,0,2,0,0,0,0,0,2,0,0,2,1,0,0,1,2,2,1,0,2,1,0,2,0,2,0,0,0,0,1,1,0,2,2,0,1,1,0,2,2,2,2,0,0,0,0,1,0,2,1,1,2,2,1,0,1,0,1,0,2,0,2,1,1,2,0,2,1,1,0,0,2,2,1,0,0,2,0,2,0,1,1,2,2,0,1,2,0,2,0,1,0,1,2,1,2,2,1,0,2,0,0,0,2,2,2,1,0,1,2,1,1,1,2,2,0,2,2,0,0,1,2,1,1,0,1,1,2,1,0,0,2,0,1,2,1,0,2,1,2,0,0,0,2,0,2,0,2,0,2,0,2,2,1,1,1,2,1,2,0,0,2,1,0,0,0,1,0,0,1,2,0,1,0,1,0,0,1,0,1,2
I18,1,2,2,2,0,2,2,0,2,2,1,2,1,0,2,1,1,2,1,0,2,0,0,0,0,1,2,0,0,2,1,0,0,1,2,2,1,1,2,1,0,2,0,2,0,0,1,2,1,1,0,2,2,1,1,1,0,2,2,2,2,0,0,0,0,1,0,2,1,1,2,2,1,0,1,0,1,0,2,0,2,1,1,2,0,2,1,1,2,0,2,2,1,0,0,2,0,2,0,1,1,2,2,0,1,2,0,2,0,1,0,1,2,1,2,2,1,2,2,0,0,1,2,2,2,1,0,1,2,1,1,1,2,2,1,2,2,0,0,1,2,1,1,0,1,1,2,1,2,0,2,0,1,2,1,0,2,1,2,0,0,0,2,0,2,0,2,1,2,1,2,2,1,1,1,2,1,2,0,0,2,1,0,0,0,1,0,1,1,2,1,1,0,1,0,0,1,0,1,2
216_19,1,2,2,2,0,2,2,0,2,2,1,2,1,0,2,1,1,2,1,0,2,0,0,2,0,1,2,0,0,2,1,0,0,1,2,2,1,1,2,1,0,2,0,2,0,2,1,2,1,1,0,2,2,1,1,1,0,2,2,2,2,0,2,0,0,1,0,2,1,1,2,2,1,0,1,0,1,0,2,2,2,1,1,2,0,2,1,1,2,0,2,2,1,0,0,2,1,2,0,1,1,2,2,0,1,2,0,2,0,1,0,1,2,1,2,2,1,2,2,0,0,1,2,2,2,1,0,1,2,1,1,1,2,2,1,2,2,0,1,1,2,1,1,2,1,1,2,1,2,0,2,0,1,2,1,0,2,1,2,0,0,2,2,0,2,0,2,1,2,1,2,2,1,1,1,2,1,2,2,0,2,1,1,0,0,1,0,1,1,2,1,1,0,1,0,0,1,0,1,2
216_18,1,2,2,2,1,2,2,0,2,2,1,2,1,0,2,1,1,2,1,0,2,0,0,0,0,1,2,0,0,2,1,0,0,1,2,2,1,1,2,1,0,2,0,2,1,0,1,2,1,1,0,2,2,1,1,1,0,2,2,2,2,0,0,0,0,1,0,2,1,1,2,2,1,0,1,0,1,0,2,2,2,1,1,2,0,2,1,1,2,1,2,2,1,0,2,2,0,2,1,1,1,2,2,0,1,2,0,2,0,1,0,1,2,1,2,2,1,2,2,0,0,1,2,2,2,1,0,1,2,1,1,1,2,2,1,2,2,0,0,1,2,1,1,0,1,1,2,1,2,0,2,0,1,2,1,0,2,1,2,0,0,0,2,0,2,0,2,1,2,1,2,2,1,1,1,2,1,2,0,0,2,1,0,0,1,1,0,1,1,2,1,1,0,1,0,0,1,2,1,2
I19,1,2,2,2,2,2,0,0,2,2,1,0,1,0,2,1,0,2,1,0,2,0,0,0,0,1,2,0,0,2,1,0,0,1,2,2,1,0,2,1,0,2,0,2,0,0,0,2,1,1,0,2,2,0,1,1,0,2,2,2,2,0,0,0,1,1,0,2,1,1,2,2,1,1,1,0,1,0,2,0,2,1,1,2,1,2,1,1,0,1,2,2,1,0,1,2,1,2,0,1,1,2,2,0,1,2,0,2,2,1,0,1,2,1,2,2,1,2,2,1,0,0,2,2,2,1,0,1,2,1,1,1,2,2,0,2,2,0,1,1,2,1,1,0,1,1,2,1,0,0,2,0,1,2,1,0,2,1,2,1,2,2,2,0,2,1,2,0,2,1,2,2,1,1,1,2,1,2,0,2,2,1,0,0,0,1,0,0,1,2,0,1,0,1,2,0,1,2,1,2
216_21,1,2,2,2,2,2,2,0,2,2,1,2,1,0,2,1,0,2,1,0,2,0,0,0,0,1,2,1,0,2,1,0,0,1,2,2,1,0,2,1,0,2,0,2,0,0,0,2,1,1,0,2,2,0,1,1,0,2,2,2,2,2,0,0,1,1,0,2,1,1,2,2,1,1,1,2,1,0,2,0,2,1,1,2,1,2,1,1,0,1,2,2,1,0,1,2,1,2,0,1,1,2,2,0,1,2,0,2,2,1,0,1,2,1,2,2,1,2,2,1,0,0,2,2,2,1,0,1,2,1,1,1,2,2,1,2,2,0,1,1,2,1,1,0,1,1,2,1,0,0,2,0,1,2,1,1,2,1,2,1,2,2,2,0,2,1,2,2,2,1,2,2,1,1,1,2,1,2,0,2,2,1,2,2,0,1,0,0,1,2,2,1,0,1,2,1,1,2,1,2
216_20,1,2,2,2,2,2,1,0,2,2,1,0,1,0,2,1,0,2,1,0,2,0,2,0,0,1,2,0,0,2,1,0,0,1,2,2,1,0,2,1,0,2,0,2,0,0,0,2,1,1,0,2,2,0,1,1,2,2,2,2,2,0,0,0,1,1,0,2,1,1,2,2,1,1,1,2,1,0,2,0,2,1,1,2,1,2,1,1,0,1,2,2,1,0,1,2,1,2,0,1,1,2,2,2,1,2,0,2,2,1,0,1,2,1,2,2,1,2,2,1,0,0,2,2,2,1,0,1,2,1,1,1,2,2,1,2,2,0,1,1,2,1,1,0,1,1,2,1,0,0,2,0,1,2,1,0,2,1,2,1,2,2,2,0,2,1,2,0,2,1,2,2,1,1,1,2,1,2,0,2,2,1,0,0,0,1,0,0,1,2,0,1,1,1,2,1,1,2,1,2
I20,0,2,2,0,0,2,2,0,2,0,1,0,1,0,2,0,0,0,1,2,0,1,0,2,0,1,2,0,0,2,1,2,0,0,2,0,1,0,0,0,0,2,0,0,0,0,0,0,0,0,0,0,0,1,2,1,0,2,0,2,2,0,0,2,0,0,2,0,0,1,2,2,0,0,1,0,1,2,2,0,0,0,1,0,1,0,0,1,0,2,0,0,0,1,0,2,0,0,0,1,1,2,0,0,0,0,0,2,1,0,0,1,2,1,2,2,0,0,0,0,0,0,0,0,0,1,0,0,2,2,0,1,1,0,2,0,0,0,0,0,0,0,1,0,0,1,0,0,1,0,2,0,1,1,1,1,0,1,0,0,0,0,0,0,0,0,2,0,0,0,0,0,1,0,1,2,0,1,0,0,2,1,0,0,0,2,0,0,1,0,0,1,0,0,0,0,1,0,2,2
I21,0,2,2,0,0,2,2,0,2,0,1,1,1,0,2,0,0,0,1,2,0,1,1,2,1,1,2,2,0,2,1,2,0,0,2,2,1,0,0,1,2,2,0,0,0,0,0,0,0,0,0,0,0,1,2,1,0,2,0,2,2,0,0,2,0,0,2,1,0,1,2,2,2,0,1,0,1,2,2,0,0,0,1,0,1,2,1,1,0,2,0,0,0,1,0,2,0,1,0,1,1,2,1,1,2,0,2,2,1,0,1,1,2,1,2,2,0,2,0,0,0,0,1,0,0,1,2,2,2,2,0,1,1,2,2,0,2,0,0,2,0,0,1,0,0,1,1,0,1,0,2,0,1,1,1,1,0,1,2,0,0,1,0,0,0,2,2,0,0,0,0,0,1,0,1,2,0,1,0,0,2,1,1,0,0,2,0,0,1,0,0,1,0,0,0,0,1,0,2,2
I22,0,2,2,1,1,2,2,0,2,0,1,1,1,2,2,2,0,0,1,2,0,1,1,2,1,1,2,2,0,2,1,2,0,0,2,2,1,0,0,1,2,2,2,0,0,0,2,0,0,2,0,0,0,1,2,1,1,2,2,2,2,0,0,2,1,0,2,1,0,1,2,2,2,0,1,2,1,2,2,0,2,0,1,0,1,2,1,1,0,2,0,0,0,1,0,2,0,1,1,1,1,2,1,1,2,2,2,2,1,0,1,1,2,1,2,2,0,2,0,0,0,1,1,2,0,1,2,2,2,2,0,1,1,2,2,0,2,0,0,2,1,0,1,0,0,1,1,0,1,0,2,2,1,1,1,1,0,1,2,0,0,1,0,0,0,2,2,0,0,1,0,0,1,0,1,2,0,1,0,0,2,1,1,0,1,2,1,0,1,0,0,1,0,0,0,0,1,2,2,2
216_30,0,2,2,1,1,2,2,0,2,0,1,1,1,2,2,2,0,0,1,2,2,1,1,2,1,1,2,2,0,2,1,2,0,0,2,2,1,0,1,1,2,2,2,0,2,0,2,0,0,2,2,2,0,1,2,1,1,2,2,2,2,0,0,2,1,0,2,1,2,1,2,2,2,0,1,2,1,2,2,0,2,1,1,0,1,2,1,1,0,2,0,0,0,1,0,2,0,1,1,1,1,2,1,1,2,2,2,2,1,1,1,1,2,1,2,2,0,2,1,2,2,1,1,2,0,1,2,2,2,2,0,1,1,2,2,0,2,1,0,2,1,0,1,2,0,1,1,0,1,1,2,2,1,1,1,1,0,1,2,0,0,1,0,0,0,2,2,1,0,1,0,0,1,0,1,2,0,1,0,0,2,1,1,0,1,2,1,0,1,0,0,1,2,0,1,2,1,2,2,2
216_29,0,2,2,1,1,2,2,0,2,0,1,1,1,2,2,2,0,0,1,2,0,1,1,2,1,1,2,2,0,2,1,2,0,0,2,2,1,0,1,1,2,2,2,0,0,0,2,0,0,2,0,0,0,1,2,1,1,2,2,2,2,0,2,2,1,1,2,1,0,1,2,2,2,0,1,2,1,2,2,2,2,1,1,1,1,2,1,1,0,2,0,0,0,1,1,2,0,1,1,1,1,2,1,1,2,2,2,2,1,1,1,1,2,1,2,2,1,2,0,0,1,1,1,2,0,1,2,2,2,2,0,1,1,2,2,0,2,0,0,2,1,2,1,1,0,1,1,0,1,0,2,2,1,1,1,1,2,1,2,0,0,1,2,2,1,2,2,0,2,1,2,0,1,0,1,2,2,1,0,2,2,1,1,0,1,2,1,0,1,0,2,1,2,0,1,0,1,2,2,2
I23,0,2,2,0,2,2,2,0,2,0,1,1,1,1,2,2,0,1,1,2,0,1,1,2,1,1,2,2,0,2,1,2,0,0,2,2,1,0,0,1,2,2,0,0,2,0,0,0,0,0,0,1,0,1,2,1,1,2,0,2,2,0,0,2,0,0,2,1,2,1,2,2,2,0,1,0,1,2,2,0,0,0,1,0,1,2,1,1,0,2,0,0,0,1,0,2,2,1,2,1,1,2,1,1,2,0,2,2,1,0,1,1,2,1,2,2,0,2,0,0,0,0,1,0,0,1,2,2,2,2,1,1,1,2,2,0,2,0,0,2,0,1,1,0,0,1,1,0,1,0,2,0,1,1,1,1,0,1,2,2,2,1,0,0,0,2,2,0,0,0,0,1,1,0,1,2,0,1,2,0,2,1,1,0,0,2,1,2,1,0,0,1,0,0,0,0,1,0,2,2
216_28,0,2,2,1,2,2,2,0,2,0,1,1,1,1,2,2,0,1,1,2,0,1,1,2,1,1,2,2,2,2,1,2,0,0,2,2,1,0,0,1,2,2,1,0,2,0,2,0,0,0,2,1,0,1,2,1,1,2,0,2,2,0,0,2,0,2,2,1,2,1,2,2,2,0,1,0,1,2,2,2,0,0,1,0,1,2,1,1,0,2,2,0,0,1,1,2,2,1,2,1,1,2,1,1,2,0,2,2,1,1,1,1,2,1,2,2,0,2,0,0,0,0,1,2,0,1,2,2,2,2,1,1,1,2,2,0,2,0,0,2,0,1,1,2,0,1,1,0,1,0,2,0,1,1,1,1,0,1,2,2,2,1,1,0,0,2,2,2,0,0,0,1,1,0,1,2,2,1,2,0,2,1,1,0,1,2,1,2,1,0,0,1,0,0,0,0,1,0,2,2
216_27,0,2,2,0,2,2,2,0,2,0,1,1,1,1,2,2,0,1,1,2,0,1,1,2,1,1,2,2,0,2,1,2,1,0,2,2,1,0,1,1,2,2,0,0,2,0,0,0,0,0,0,1,1,1,2,1,1,2,0,2,2,0,1,2,0,2,2,1,2,1,2,2,2,2,1,0,1,2,2,0,0,0,1,0,1,2,1,1,0,2,0,1,0,1,0,2,2,1,2,1,1,2,1,1,2,0,2,2,1,0,1,1,2,1,2,2,0,2,0,0,0,0,1,0,0,1,2,2,2,2,1,1,1,2,2,2,2,1,0,2,0,1,1,0,2,1,1,0,1,0,2,0,1,1,1,1,0,1,2,2,2,1,0,1,0,2,2,0,2,1,0,1,1,0,1,2,0,1,2,0,2,1,1,0,1,2,1,2,1,2,1,1,0,0,0,0,1,1,2,2
I24,0,2,2,0,0,2,2,0,2,0,1,0,1,0,2,0,0,0,1,2,0,1,0,2,1,1,2,2,0,2,1,2,1,1,2,0,1,0,0,0,1,2,0,2,2,0,2,0,0,2,2,0,0,1,2,1,0,2,0,2,2,0,0,2,0,0,2,0,0,1,2,2,1,0,1,0,1,2,2,0,0,0,1,0,1,0,2,1,0,2,0,0,0,1,0,2,1,0,0,1,1,2,0,0,0,0,2,2,1,0,0,1,2,1,2,2,1,2,0,0,0,1,0,0,2,1,2,0,2,2,1,1,1,2,2,0,0,0,0,0,0,0,1,0,2,1,0,0,1,0,2,0,1,1,1,1,2,1,2,1,1,0,0,0,0,0,2,0,0,0,0,0,1,0,1,2,0,1,1,0,2,1,0,0,1,2,0,0,1,0,0,1,0,0,0,0,1,0,2,2
I25,0,2,2,0,0,2,2,0,2,0,1,0,1,0,2,0,0,0,1,2,0,1,0,2,1,1,2,2,1,2,1,2,1,1,2,0,1,0,0,0,1,2,0,2,2,0,2,1,0,2,2,0,2,1,2,1,0,2,0,2,2,0,1,2,0,2,2,0,0,1,2,2,1,0,1,0,1,2,2,0,0,1,1,0,1,0,2,1,2,2,1,0,0,1,0,2,1,0,0,1,1,2,1,0,0,0,2,2,1,0,0,1,2,1,2,2,1,2,0,0,2,1,0,0,2,1,2,0,2,2,1,1,1,2,2,2,0,0,0,0,2,0,1,0,2,1,0,0,1,0,2,0,1,1,1,1,2,1,2,1,1,0,1,0,0,0,2,0,0,1,0,0,1,0,1,2,0,1,1,0,2,1,0,0,1,2,0,0,1,0,0,1,0,0,1,0,1,0,2,2
216_26,0,2,2,0,0,2,2,2,2,0,1,0,1,0,2,0,0,0,1,2,0,1,0,2,1,1,2,2,1,2,1,2,1,1,2,2,1,0,0,0,1,2,0,2,2,0,2,1,2,2,2,0,2,1,2,1,0,2,0,2,2,0,1,2,0,2,2,0,0,1,2,2,1,0,1,0,1,2,2,0,0,1,1,0,1,0,2,1,2,2,1,0,1,1,0,2,1,0,0,1,1,2,1,0,0,0,2,2,1,0,0,1,2,1,2,2,1,2,0,0,2,1,0,0,2,1,2,2,2,2,1,1,1,2,2,2,0,0,0,0,2,1,1,0,2,1,0,0,1,0,2,0,1,1,1,1,2,1,2,1,1,0,1,0,0,0,2,1,2,1,0,0,1,0,1,2,0,1,1,1,2,1,1,0,1,2,2,0,1,0,2,1,0,0,1,0,1,0,2,2
216_25,0,2,2,0,0,2,2,0,2,0,1,0,1,0,2,2,0,0,1,2,2,1,0,2,1,1,2,2,1,2,1,2,1,1,2,0,1,0,0,0,1,2,0,2,2,2,2,1,0,2,2,0,2,1,2,1,0,2,2,2,2,0,1,2,0,2,2,0,2,1,2,2,1,0,1,0,1,2,2,0,1,1,1,1,1,2,2,1,2,2,1,0,0,1,0,2,1,0,0,1,1,2,1,0,0,0,2,2,1,1,0,1,2,1,2,2,1,2,0,0,2,1,2,0,2,1,2,0,2,2,1,1,1,2,2,2,0,0,0,0,2,0,1,0,2,1,2,0,1,0,2,2,1,1,1,1,2,1,2,1,1,0,1,0,0,0,2,2,2,1,1,0,1,1,1,2,0,1,1,0,2,1,0,0,1,2,0,0,1,0,0,1,2,0,1,0,1,0,2,2
I26,0,2,2,0,1,2,2,1,2,0,1,0,1,0,2,1,0,0,1,2,0,1,1,2,1,1,2,2,0,2,1,2,1,1,2,0,1,0,1,0,1,2,1,2,2,0,2,0,0,2,2,0,0,1,2,1,0,2,0,2,2,0,0,2,0,0,2,0,0,1,2,2,1,2,1,0,1,2,2,0,0,0,1,2,1,0,2,1,0,2,0,0,0,1,0,2,1,0,0,1,1,2,0,0,0,0,2,2,1,0,0,1,2,1,2,2,1,2,0,0,2,1,0,0,2,1,2,2,2,2,1,1,1,2,2,0,0,0,0,2,0,0,1,0,2,1,0,0,1,0,2,0,1,1,1,1,2,1,2,1,1,0,0,0,0,0,2,2,0,0,0,0,1,0,1,2,0,1,1,0,2,1,0,0,1,2,0,0,1,0,2,1,0,0,1,1,1,0,2,2
216_24,2,2,2,0,1,2,2,1,2,0,1,0,1,0,2,1,0,0,1,2,0,1,1,2,1,1,2,2,0,2,1,2,1,1,2,0,1,0,1,0,1,2,1,2,2,0,2,0,0,2,2,0,0,1,2,1,2,2,0,2,2,0,0,2,0,0,2,0,0,1,2,2,1,2,1,0,1,2,2,0,0,0,1,2,1,1,2,1,0,2,0,2,0,1,0,2,1,2,0,1,1,2,0,0,1,1,2,2,1,0,0,1,2,1,2,2,1,2,0,0,2,1,0,0,2,1,2,2,2,2,1,1,1,2,2,2,2,2,2,2,0,0,1,0,2,1,0,0,1,0,2,0,1,1,1,1,2,1,2,1,1,0,0,0,0,0,2,2,0,1,0,2,1,0,1,2,0,1,1,0,2,1,1,0,1,2,0,0,1,0,2,1,1,0,1,1,1,0,2,2
I27,1,2,2,2,1,2,2,1,2,0,1,0,1,0,2,1,0,1,1,2,0,1,1,2,1,1,2,2,0,2,1,2,1,1,2,0,1,0,1,0,1,2,1,2,2,0,2,2,0,2,2,0,0,1,2,1,0,2,0,2,2,0,0,2,0,0,2,0,0,1,2,2,1,2,1,0,1,2,2,2,0,0,1,2,1,0,2,1,0,2,0,0,0,1,0,2,1,2,0,1,1,2,0,0,0,0,2,2,1,0,0,1,2,1,2,2,1,2,0,0,2,1,0,2,2,1,2,2,2,2,1,1,1,2,2,0,0,0,2,2,0,0,1,0,2,1,2,2,1,0,2,0,1,1,1,1,2,1,2,1,1,0,2,0,0,0,2,2,0,1,0,0,1,0,1,2,0,1,1,0,2,1,0,2,1,2,0,0,1,0,2,1,0,1,1,1,1,0,2,2
216_23,1,2,2,2,1,2,2,1,2,0,1,0,1,0,2,1,0,1,1,2,0,1,1,2,1,1,2,2,0,2,1,2,1,1,2,0,1,0,1,0,1,2,1,2,2,0,2,2,0,2,2,0,0,1,2,1,0,2,0,2,2,0,0,2,0,0,2,0,0,1,2,2,1,2,1,0,1,2,2,2,0,0,1,2,1,0,2,1,0,2,0,0,0,1,0,2,1,2,0,1,1,2,0,0,0,0,2,2,1,0,0,1,2,1,2,2,1,2,0,0,2,1,0,2,2,1,2,2,2,2,1,1,1,2,2,0,0,0,2,2,1,0,1,0,2,1,2,2,1,0,2,0,1,1,1,1,2,1,2,1,1,0,2,0,0,0,2,2,0,1,0,0,1,0,1,2,0,1,1,0,2,1,0,2,1,2,0,0,1,0,2,1,0,1,1,1,1,0,2,2
216_22,1,2,2,2,1,2,2,1,2,0,1,0,1,0,2,1,0,1,1,2,0,1,1,2,1,1,2,2,0,2,1,2,1,1,2,0,1,0,1,0,1,2,1,2,2,0,2,2,0,2,2,0,0,1,2,1,0,2,0,2,2,0,0,2,0,0,2,0,0,1,2,2,1,2,1,0,1,2,2,2,0,0,1,2,1,0,2,1,0,2,0,0,0,1,0,2,1,2,0,1,1,2,0,0,0,0,2,2,1,0,0,1,2,1,2,2,1,2,0,0,2,1,0,2,2,1,2,2,2,2,1,1,1,2,2,0,0,0,2,2,0,0,1,0,2,1,2,2,1,0,2,0,1,1,1,1,2,1,2,1,1,0,2,0,0,0,2,2,0,1,0,0,1,0,1,2,0,1,1,0,2,1,0,2,1,2,0,0,1,0,2,1,0,1,1,1,1,0,2,2
Evolve tree: [&R] ((((((216_22:2,216_23:2)I27:43,216_24:45)I26:40,(216_25:40,216_26:40)I25:45)I24:47,((216_27:43,216_28:43)I23:42,(216_29:37,216_30:37)I22:48)I21:47)I20:42,(((216_20:39,216_21:39)I19:43,(216_18:32,216_19:32)I18:50)I17:43,216_17:125)I16:49)I15:41,((((216_1:21,216_2:21)I14:48,(216_3:14,216_4:14)I13:55)I12:52,((216_5:23,216_6:23)I11:40,(216_7:16,216_8:16)I10:47)I9:58)I8:44,(((216_11:15,216_12:15)I7:50,(216_9:10,216_10:10)I6:55)I5:47,((216_15:23,216_16:23)I4:42,216_14:65)I3:47)I2:53)I1:50)I0;