cell,r0,r1,r2,r3,r4,r5,r6,r7,r8,r9,r10,r11,r12,r13,r14,r15,r16,r17,r18,r19,r20,r21,r22,r23,r24,r25,r26,r27,r28,r29,r30,r31,r32,r33,r34,r35,r36,r37,r38,r39,r40,r41,r42,r43,r44,r45,r46,r47,r48,r49
I0,0,0,0,0,0,2,2,0,0,1,0,0,0,0,0,0,1,2,0,0,0,0,0,0,0,0,0,0,0,0,2,0,0,0,0,0,1,0,0,0,0,0,0,0,0,0,1,0,0,0
I1,2,1,2,0,2,2,2,1,0,1,0,0,0,0,0,0,1,2,2,0,0,0,0,0,0,0,0,0,0,0,2,0,0,1,0,0,1,0,0,2,2,2,0,0,1,0,1,1,0,1
I2,2,1,2,0,2,2,2,1,0,1,2,0,0,0,0,0,1,2,2,0,0,0,0,0,0,2,0,0,0,1,2,0,0,1,0,1,1,1,2,2,2,2,1,0,1,1,1,1,0,1
I3,2,1,2,0,2,2,2,1,1,1,2,0,0,1,2,0,1,2,2,2,0,2,0,0,1,2,0,0,0,1,2,0,0,1,0,1,1,1,2,2,2,2,1,1,1,1,1,1,1,1
216_16,2,1,2,1,2,2,2,1,1,1,2,0,0,1,2,2,1,2,2,2,0,2,0,0,1,2,1,0,0,1,2,0,0,1,0,1,1,1,2,2,2,2,1,1,1,1,1,1,1,1
216_15,2,1,2,0,2,2,2,1,1,1,2,1,2,1,2,0,1,2,2,2,0,2,1,1,1,2,0,0,0,1,2,0,0,1,0,1,1,1,2,2,2,2,1,1,1,1,1,1,1,1
I4,2,1,2,0,2,2,2,1,2,1,2,0,0,0,0,0,1,2,2,0,0,0,0,0,0,2,0,0,0,1,2,0,0,1,0,1,1,1,2,2,2,2,1,0,1,1,1,1,0,1
216_18,2,1,2,0,2,2,2,1,2,1,2,0,2,0,0,0,1,2,2,2,0,0,0,0,0,2,0,0,0,1,2,0,0,1,0,1,1,1,2,2,2,2,1,0,1,1,1,1,0,1
216_17,2,1,2,1,2,2,2,1,2,1,2,0,0,0,1,0,1,2,2,0,0,0,0,2,0,2,0,0,0,1,2,0,0,1,2,1,1,1,2,2,2,2,1,0,1,1,1,1,0,1
I5,2,1,2,0,2,2,2,1,0,1,0,1,1,0,0,2,1,2,2,0,0,2,0,0,0,0,1,2,0,0,2,2,1,1,2,0,1,0,0,2,2,2,0,0,1,2,1,1,0,1
I6,2,1,2,2,2,2,2,1,2,1,2,1,1,1,0,2,1,2,2,1,1,2,0,0,1,1,1,2,0,2,2,2,1,1,2,2,1,0,2,2,2,2,0,0,1,2,1,1,0,1
216_21,2,1,2,2,2,2,2,1,2,1,2,1,1,1,0,2,1,2,2,1,1,2,0,0,1,1,1,2,0,2,2,2,1,1,2,2,1,0,2,2,2,2,0,0,1,2,1,1,0,1
216_20,2,1,2,2,2,2,2,1,2,1,2,1,1,1,1,2,1,2,2,1,1,2,0,2,1,1,1,2,0,2,2,2,1,1,2,2,1,0,2,2,2,2,0,0,1,2,1,1,2,1
I7,2,1,2,1,2,2,2,1,0,1,0,1,1,0,0,2,1,2,2,0,0,2,0,0,0,1,1,2,0,2,2,2,1,1,2,0,1,0,0,2,2,2,2,0,1,2,1,1,0,1
216_24,2,1,2,1,2,2,2,1,0,1,0,1,1,0,0,2,1,2,2,0,0,2,0,2,0,1,1,2,0,2,2,2,1,1,2,1,1,0,0,2,2,2,2,0,1,2,1,1,0,1
I8,2,1,2,1,2,2,2,1,0,1,0,1,1,0,0,2,1,2,2,0,2,2,0,0,0,1,1,2,0,2,2,2,1,1,2,0,1,0,0,2,2,2,2,0,1,2,1,1,2,1
216_23,2,1,2,1,2,2,2,1,0,1,0,1,1,0,0,2,1,2,2,0,2,2,0,0,0,1,1,2,0,2,2,2,1,1,2,2,1,0,0,2,2,2,2,0,1,2,1,1,2,1
216_22,2,1,2,1,2,2,2,1,0,1,0,1,1,0,0,2,1,2,2,0,2,2,0,0,0,1,1,2,0,2,2,2,1,1,2,0,1,0,0,2,2,2,2,0,1,2,1,1,2,1
I9,0,1,2,2,0,2,2,0,0,1,0,2,0,2,0,0,1,2,2,0,2,0,1,1,0,1,0,0,2,0,2,1,2,0,0,0,1,0,2,0,0,2,0,0,1,0,1,0,1,0
I10,2,1,2,2,0,2,2,0,0,1,0,2,0,2,0,0,1,2,2,2,2,0,1,1,0,1,2,0,2,1,2,1,2,0,1,0,1,0,2,2,0,2,0,0,1,2,1,0,1,0
I11,2,1,2,2,0,2,2,0,0,1,0,2,1,2,0,0,1,2,2,2,2,1,1,1,0,1,2,0,2,1,2,1,2,0,1,0,1,0,2,2,0,2,0,0,1,2,1,0,1,0
216_6,2,1,2,2,0,2,2,0,0,1,1,2,1,2,0,2,1,2,2,2,2,1,1,1,0,1,2,0,2,1,2,1,2,0,1,0,1,0,2,2,0,2,0,0,1,2,1,0,1,0
216_7,2,1,2,2,0,2,2,0,0,1,0,2,1,2,0,0,1,2,2,2,2,1,1,1,0,1,2,0,2,1,2,1,2,0,1,0,1,0,2,2,0,2,0,0,1,2,1,0,1,1
I12,2,1,2,2,1,2,2,0,0,1,0,2,0,2,0,0,1,2,2,2,2,0,1,1,0,1,2,0,2,1,2,1,2,2,1,2,1,0,2,2,0,2,0,1,1,2,1,0,1,0
216_1,2,1,2,2,1,2,2,2,0,1,0,2,1,2,2,0,1,2,2,2,2,0,1,1,0,1,2,0,2,1,2,1,2,2,1,2,1,0,2,2,0,2,1,1,1,2,1,0,1,0
216_3,2,1,2,2,1,2,2,2,0,1,0,2,0,2,0,0,1,2,2,2,2,0,1,1,0,1,2,2,2,1,2,1,2,2,1,2,1,2,2,2,0,2,0,1,1,2,1,0,1,0
I13,0,1,2,2,0,2,2,0,2,1,0,2,0,2,0,0,1,2,2,0,2,1,1,1,0,1,0,2,2,0,2,1,2,1,1,0,1,0,2,0,0,2,0,0,1,0,1,0,1,0
I14,0,1,2,2,0,2,2,0,2,1,1,2,0,2,0,1,1,2,2,0,2,1,1,1,0,1,0,2,2,0,2,1,2,1,1,0,1,0,2,0,0,2,0,0,1,0,1,0,1,2
I15,0,1,2,2,0,2,2,0,2,1,1,2,0,2,0,1,1,2,2,0,2,1,1,1,0,1,0,2,2,0,2,1,2,1,1,0,1,0,2,0,0,2,0,0,1,2,1,0,1,2
216_14,0,1,2,2,0,2,2,0,2,1,1,2,0,2,0,1,1,2,2,0,2,1,1,1,0,1,0,2,2,0,2,1,2,1,1,0,1,0,2,0,0,2,0,0,1,2,1,0,1,2
216_13,0,1,2,2,0,2,2,0,2,1,1,2,0,2,0,1,1,2,2,0,2,1,1,1,0,1,0,2,2,0,2,1,2,1,1,0,1,0,2,0,0,2,0,0,1,2,1,0,1,2
I16,0,1,2,2,0,2,2,0,2,1,1,2,0,2,2,1,1,2,2,0,2,1,1,1,0,1,0,2,2,0,2,1,2,1,1,0,1,0,2,0,0,2,0,0,1,0,1,1,1,2
216_12,0,1,2,2,0,2,2,0,2,1,1,2,0,2,2,1,1,2,2,0,2,1,1,1,0,1,0,2,2,0,2,1,2,1,1,0,1,0,2,0,0,2,0,0,1,0,1,1,1,2
216_11,1,1,2,2,0,2,2,0,2,1,1,2,0,2,2,1,1,2,2,0,2,1,1,1,0,1,0,2,2,0,2,1,2,1,1,2,1,0,2,0,0,2,0,0,1,0,1,1,1,2
I17,0,1,2,2,0,2,2,1,2,1,0,2,2,2,0,0,1,2,2,0,2,1,1,1,1,1,0,2,2,0,2,1,2,1,1,0,1,0,2,0,0,2,1,0,1,1,1,1,1,2
216_10,0,1,2,2,0,2,2,1,2,1,0,2,2,2,0,0,1,2,2,2,2,1,1,1,1,1,0,2,2,2,2,1,2,1,1,1,1,1,2,0,0,2,1,0,1,1,1,1,1,2
I18,0,1,2,2,1,2,2,1,2,1,0,2,2,2,0,0,1,2,2,0,2,1,1,1,1,1,0,2,2,1,2,1,2,1,1,0,1,0,2,2,0,2,1,0,1,1,1,1,1,2
216_9,0,1,2,2,1,2,2,1,2,1,0,2,2,2,0,1,1,2,2,0,2,1,1,1,1,1,0,2,2,1,2,1,2,1,1,0,1,0,2,2,0,2,1,0,1,1,1,1,1,2
216_8,0,1,2,2,1,2,2,1,2,1,0,2,2,2,0,0,1,2,2,0,2,1,1,1,1,1,0,2,2,1,2,1,2,1,1,0,1,0,2,2,0,2,1,0,1,1,1,1,1,2
Evolve tree: [&R] (((((216_8:3,216_9:3)I18:39,216_10:42)I17:47,((216_11:5,216_12:5)I16:36,(216_13:3,216_14:3)I15:38)I14:48)I13:51,((216_3:40,216_1:40)I12:44,(216_7:39,216_6:39)I11:45)I10:56)I9:52,((((216_22:8,216_23:8)I8:33,216_24:41)I7:47,(216_20:13,216_21:13)I6:75)I5:50,((216_17:38,216_18:38)I4:43,(216_15:35,216_16:35)I3:46)I2:57)I1:54)I0:23;