cell,r0,r1,r2,r3,r4,r5,r6,r7,r8,r9,r10,r11,r12,r13,r14,r15,r16,r17,r18,r19,r20,r21,r22,r23,r24,r25,r26,r27,r28,r29,r30,r31,r32,r33,r34,r35,r36,r37,r38,r39,r40,r41,r42,r43,r44,r45,r46,r47,r48,r49
I0,0,0,0,0,0,0,0,0,0,1,0,0,0,0,1,0,0,0,0,0,0,0,0,0,0,0,1,0,0,0,0,0,0,0,0,0,0,0,0,0,0,0,0,2,0,1,0,0,2,0
I1,0,0,0,0,0,0,2,0,0,1,0,0,0,2,1,0,0,0,0,1,2,0,0,0,0,1,1,0,0,0,0,2,0,0,2,0,0,0,0,1,1,0,2,2,0,1,1,0,2,0
I2,0,0,0,0,0,0,2,0,0,1,0,0,0,2,1,0,2,1,2,1,2,0,0,0,2,1,1,0,0,0,2,2,0,2,2,0,0,0,0,1,1,2,2,2,0,1,1,1,2,0
216_2,0,1,0,1,0,1,2,0,1,1,0,2,0,2,1,0,2,1,2,1,2,0,0,1,2,1,1,1,0,0,2,2,1,2,2,0,0,2,0,1,1,2,2,2,2,1,1,1,2,0
216_1,0,0,0,0,0,0,2,0,0,1,1,1,0,2,1,1,2,1,2,1,2,0,0,1,2,1,1,0,2,2,2,2,0,2,2,2,0,0,0,1,1,2,2,2,0,1,1,1,2,0
I3,0,0,0,0,0,0,2,0,0,1,0,1,0,2,1,0,0,0,0,1,2,0,1,0,1,1,1,0,0,0,0,2,0,2,2,0,0,0,0,1,1,2,2,2,0,1,1,0,2,0
216_5,0,2,0,1,0,0,2,0,2,1,0,1,0,2,1,2,0,2,0,1,2,0,1,0,1,1,1,1,2,0,0,2,0,2,2,0,1,0,0,1,1,2,2,2,0,1,1,0,2,1
I4,0,0,2,0,0,0,2,0,0,1,0,1,0,2,1,0,0,0,0,1,2,0,1,1,1,1,1,0,1,2,1,2,0,2,2,0,2,0,0,1,1,2,2,2,0,1,1,0,2,0
216_4,0,2,2,0,0,0,2,2,0,1,1,1,0,2,1,0,0,0,2,1,2,0,1,1,1,1,1,2,1,2,1,2,0,2,2,1,2,0,0,1,1,2,2,2,0,1,1,0,2,0
216_3,0,0,2,1,0,0,2,0,0,1,0,1,0,2,1,0,0,0,2,1,2,0,1,1,1,1,1,0,1,2,1,2,0,2,2,0,2,2,1,1,1,2,2,2,0,1,1,0,2,0
I5,1,0,0,0,0,0,1,2,0,1,0,0,0,0,1,0,0,0,1,0,0,1,1,0,2,2,1,0,0,0,0,0,0,1,2,0,0,1,0,0,0,0,2,2,0,1,0,2,2,0
216_22,1,0,2,0,1,2,1,2,1,1,2,2,2,2,1,0,0,1,1,1,1,1,1,1,2,2,1,1,2,0,0,2,0,1,2,0,0,1,1,2,2,0,2,2,1,1,1,2,2,2
I6,1,1,0,0,0,0,1,2,0,1,0,0,2,0,1,0,1,1,1,0,0,1,1,0,2,2,1,0,0,0,1,0,2,1,2,0,0,1,0,0,0,0,2,2,1,1,0,2,2,0
I7,1,1,0,1,0,2,1,2,0,1,2,0,2,2,1,0,1,1,1,2,2,1,1,2,2,2,1,0,0,0,1,0,2,1,2,0,0,1,0,0,0,0,2,2,1,1,1,2,2,0
I8,1,1,2,1,0,2,1,2,0,1,2,0,2,2,1,1,1,1,1,2,2,1,1,2,2,2,1,1,0,0,1,2,2,1,2,2,0,1,2,2,0,0,2,2,1,1,1,2,2,0
216_8,1,1,2,1,0,2,1,2,0,1,2,0,2,2,1,1,1,1,1,2,2,1,1,2,2,2,1,1,0,1,1,2,2,1,2,2,0,1,2,2,0,0,2,2,1,1,1,2,2,2
216_7,1,1,2,1,0,2,1,2,0,1,2,0,2,2,1,1,1,1,1,2,2,1,1,2,2,2,1,1,0,0,1,2,2,1,2,2,0,1,2,2,0,0,2,2,1,1,1,2,2,0
I9,1,1,1,1,2,2,1,2,0,1,2,0,2,2,1,0,1,1,1,2,2,1,1,2,2,2,1,0,0,2,1,0,2,1,2,0,0,1,0,0,0,2,2,2,1,1,1,2,2,0
216_10,1,1,1,1,2,2,1,2,0,1,2,0,2,2,1,0,1,1,1,2,2,1,1,2,2,2,1,0,2,2,1,0,2,1,2,0,0,1,0,0,0,2,2,2,1,1,1,2,2,0
216_9,1,1,1,1,2,2,1,2,1,1,2,0,2,2,1,0,1,1,1,2,2,1,1,2,2,2,1,0,0,2,1,0,2,1,2,2,0,1,0,0,0,2,2,2,1,1,1,2,2,0
I10,1,1,0,0,0,0,1,2,0,1,0,2,2,2,1,0,1,1,1,0,0,1,1,0,2,2,1,0,0,0,1,0,2,1,2,0,0,1,0,0,0,0,2,2,1,1,0,2,2,2
216_11,1,1,0,0,1,0,1,2,0,1,2,2,2,2,1,0,1,1,1,1,0,1,1,0,2,2,1,0,0,0,1,0,2,1,2,1,2,1,0,0,0,1,2,2,1,1,2,2,2,2
I11,1,1,1,0,0,0,1,2,0,1,0,2,2,2,1,0,1,1,1,1,0,1,1,0,2,2,1,0,0,2,1,0,2,1,2,1,0,1,0,0,0,1,2,2,1,1,0,2,2,2
216_14,1,1,1,0,0,0,1,2,0,1,0,2,2,2,1,0,1,1,1,1,0,1,1,0,2,2,1,0,0,2,1,0,2,1,2,1,0,1,0,0,0,1,2,2,1,1,0,2,2,2
216_13,1,1,1,0,0,0,1,2,0,1,0,2,2,2,1,0,1,1,1,1,2,1,1,0,2,2,1,0,0,2,1,1,2,1,2,1,0,1,0,0,0,1,2,2,1,1,0,2,2,2
Evolve tree: [&R] (((((216_13:27,216_14:27)I11:46,216_11:73)I10:40,((216_9:26,216_10:26)I9:40,(216_7:25,216_8:25)I8:41)I7:47)I6:46,216_22:159)I5:40,(((216_3:51,216_4:51)I4:53,216_5:104)I3:44,(216_1:45,216_2:45)I2:103)I1:51)I0:16;