cell,r0,r1,r2,r3,r4,r5,r6,r7,r8,r9,r10,r11,r12,r13,r14,r15,r16,r17,r18,r19,r20,r21,r22,r23,r24,r25,r26,r27,r28,r29,r30,r31,r32,r33,r34,r35,r36,r37,r38,r39,r40,r41,r42,r43,r44,r45,r46,r47,r48,r49,r50,r51,r52,r53,r54,r55,r56,r57,r58,r59,r60,r61,r62,r63,r64,r65,r66,r67,r68,r69,r70,r71,r72,r73,r74,r75,r76,r77,r78,r79,r80,r81,r82,r83,r84,r85,r86,r87,r88,r89,r90,r91,r92,r93,r94,r95,r96,r97,r98,r99,r100,r101,r102,r103,r104,r105,r106,r107,r108,r109,r110,r111,r112,r113,r114,r115,r116,r117,r118,r119,r120,r121,r122,r123,r124,r125,r126,r127,r128,r129,r130,r131,r132,r133,r134,r135,r136,r137,r138,r139,r140,r141,r142,r143,r144,r145,r146,r147,r148,r149,r150,r151,r152,r153,r154,r155,r156,r157,r158,r159,r160,r161,r162,r163,r164,r165,r166,r167,r168,r169,r170,r171,r172,r173,r174,r175,r176,r177,r178,r179,r180,r181,r182,r183,r184,r185,r186,r187,r188,r189,r190,r191,r192,r193,r194,r195,r196,r197,r198,r199
I0,0,0,0,0,0,0,0,0,0,0,0,0,0,0,0,0,0,0,0,0,0,0,0,0,0,0,0,0,0,0,0,0,0,0,0,0,0,0,0,0,0,0,0,0,0,0,0,0,0,0,0,0,0,0,0,0,0,0,0,0,0,0,0,0,0,0,0,0,0,0,0,0,0,0,0,0,0,0,0,0,0,0,0,0,0,0,0,0,0,0,0,0,0,0,0,0,0,0,0,0,0,0,0,0,0,0,0,0,0,0,0,0,0,0,0,0,0,0,0,0,0,0,0,0,0,0,0,0,0,0,0,0,0,0,0,0,0,0,0,0,0,0,0,0,0,0,0,0,0,0,0,0,0,0,0,0,0,0,0,0,0,0,0,0,0,0,0,0,0,0,0,0,0,0,0,0,0,0,0,0,0,0,0,0,0,0,0,0,0,0,0,0,0,0,0,0,0,0,0,0
I1,0,0,0,0,0,0,0,0,0,0,0,0,0,0,0,0,0,1,0,0,0,0,0,0,0,1,0,0,1,0,0,0,0,0,0,0,0,0,0,0,0,1,0,0,0,0,0,0,0,0,0,0,0,0,0,0,0,0,0,0,0,0,0,0,0,0,2,2,0,0,0,0,0,0,0,0,0,0,0,0,0,0,0,0,0,0,1,0,1,0,0,0,0,0,0,0,0,0,2,0,0,0,0,0,2,0,0,0,0,0,1,0,2,0,1,0,1,0,0,0,0,0,0,0,0,0,0,2,0,0,0,0,0,0,0,0,0,0,0,0,0,0,0,0,0,0,0,0,2,0,1,0,0,0,0,0,0,2,2,2,0,0,0,0,0,1,2,0,0,1,0,0,1,0,0,0,0,2,0,0,1,0,0,0,2,0,0,0,0,0,0,1,1,0,0,0,0,0,0,0
I2,0,2,0,0,0,0,1,0,1,0,0,0,0,1,1,0,1,1,0,0,0,1,0,0,0,1,0,0,1,0,0,0,0,2,0,0,0,0,0,0,0,1,1,1,1,0,0,0,2,2,1,0,0,0,0,0,2,0,0,0,1,0,0,0,0,0,2,2,0,0,0,0,0,0,0,0,0,0,0,2,2,0,0,0,2,0,1,0,1,0,0,0,0,2,0,0,0,1,2,0,2,0,0,2,2,2,2,0,0,0,1,0,2,0,1,0,1,0,2,0,0,0,2,0,0,0,0,2,1,2,1,1,0,0,2,0,0,2,0,0,0,1,0,1,1,2,0,0,2,0,1,2,0,0,0,0,0,2,2,2,0,0,0,1,0,1,2,2,0,1,0,0,1,1,0,0,0,2,2,1,1,0,0,0,2,0,0,0,0,0,1,1,1,0,0,0,0,2,1,0
I3,2,2,1,0,0,1,1,0,1,0,2,0,1,1,1,0,1,1,1,1,0,1,0,0,0,1,0,0,1,2,0,0,0,2,0,0,0,2,2,0,2,1,1,1,1,0,1,0,2,2,1,0,0,0,0,0,2,2,2,2,1,2,0,0,0,0,2,2,2,0,0,2,2,0,0,1,0,0,0,2,2,0,2,1,2,0,1,0,1,0,0,0,0,2,0,1,1,1,2,0,2,0,0,2,2,2,2,0,0,2,1,2,2,2,1,2,1,0,2,0,0,0,2,0,1,0,0,2,1,2,1,1,1,0,2,2,0,2,0,0,0,1,1,1,1,2,0,0,2,1,1,2,2,0,0,0,0,2,2,2,1,0,0,1,0,1,2,2,1,1,2,0,1,1,0,1,0,2,2,1,1,0,2,0,2,1,0,0,0,0,1,1,1,0,2,0,2,2,1,0
I4,2,2,1,0,0,1,1,2,1,1,2,1,1,1,1,2,1,1,1,1,0,1,0,0,0,1,0,2,1,2,0,0,2,2,1,0,0,2,2,0,2,1,1,1,1,1,1,0,2,2,1,1,0,0,0,1,2,2,2,2,1,2,0,0,0,0,2,2,2,1,0,2,2,0,0,1,0,0,2,2,2,0,2,1,2,0,1,0,1,0,0,0,1,2,0,1,1,1,2,0,2,1,2,2,2,2,2,1,0,2,1,2,2,2,1,2,1,0,2,0,2,0,2,1,1,0,0,2,1,2,1,1,1,0,2,2,0,2,0,0,1,1,1,1,1,2,0,0,2,1,1,2,2,2,0,2,0,2,2,2,1,2,2,1,2,1,2,2,1,1,2,0,1,1,0,1,0,2,2,1,1,2,2,0,2,1,0,0,0,1,1,1,1,0,2,0,2,2,1,0
216_6,2,2,1,0,0,1,1,2,1,1,2,1,1,1,1,2,1,1,1,1,0,1,0,0,1,1,0,2,1,2,0,0,2,2,1,1,2,2,2,0,2,1,1,1,1,1,1,0,2,2,1,1,0,0,1,1,2,2,2,2,1,2,1,0,0,0,2,2,2,1,0,2,2,1,0,1,0,0,2,2,2,0,2,1,2,0,1,0,1,2,0,0,1,2,0,1,1,1,2,0,2,1,2,2,2,2,2,1,0,2,1,2,2,2,1,2,1,0,2,0,2,0,2,1,1,0,0,2,1,2,1,1,1,0,2,2,0,2,0,0,1,1,1,1,1,2,0,0,2,1,1,2,2,2,0,2,2,2,2,2,1,2,2,1,2,1,2,2,1,1,2,0,1,1,0,1,2,2,2,1,1,2,2,2,2,1,1,0,0,1,1,1,1,0,2,0,2,2,1,0
216_5,2,2,1,0,1,1,1,2,1,1,2,1,1,1,1,2,1,1,1,1,0,1,0,0,0,1,0,2,1,2,0,0,2,2,1,0,0,2,2,2,2,1,1,1,1,1,1,0,2,2,1,1,0,1,0,1,2,2,2,2,1,2,0,0,0,0,2,2,2,1,0,2,2,0,0,1,0,0,2,2,2,0,2,1,2,0,1,0,1,0,0,1,1,2,0,1,1,1,2,0,2,1,2,2,2,2,2,1,1,2,1,2,2,2,1,2,1,1,2,0,2,0,2,1,1,0,1,2,1,2,1,1,1,0,2,2,0,2,0,0,1,1,1,1,1,2,0,0,2,1,1,2,2,2,0,2,0,2,2,2,1,2,2,1,2,1,2,2,1,1,2,2,1,1,0,1,2,2,2,1,1,2,2,0,2,1,0,0,0,1,1,1,1,0,2,0,2,2,1,0
I5,2,2,1,0,0,1,1,1,1,0,2,1,1,1,1,0,1,1,1,1,0,1,0,0,1,1,0,0,1,2,0,0,0,2,0,1,0,2,2,2,2,1,1,1,1,2,1,2,2,2,1,0,1,0,0,0,2,2,2,2,1,2,2,1,0,0,2,2,2,0,2,2,2,1,0,1,1,1,0,2,2,1,2,1,2,2,1,0,1,0,2,0,0,2,0,1,1,1,2,2,2,0,0,2,2,2,2,2,0,2,1,2,2,2,1,2,1,0,2,2,2,2,2,0,1,0,0,2,1,2,1,1,1,0,2,2,0,2,0,0,1,1,1,1,1,2,2,0,2,1,1,2,2,0,0,0,0,2,2,2,1,2,0,1,0,1,2,2,1,1,2,0,1,1,0,1,1,2,2,1,1,0,2,0,2,1,2,0,0,2,1,1,1,0,2,0,2,2,1,2
216_8,2,2,1,0,0,1,1,1,1,0,2,1,1,1,1,0,1,1,1,1,0,1,0,2,1,1,2,0,1,2,0,0,0,2,1,1,1,2,2,2,2,1,1,1,1,2,1,2,2,2,1,1,1,0,0,0,2,2,2,2,1,2,2,1,2,0,2,2,2,0,2,2,2,1,0,1,1,1,0,2,2,1,2,1,2,2,1,0,1,0,2,0,0,2,1,1,1,1,2,2,2,0,0,2,2,2,2,2,0,2,1,2,2,2,1,2,1,0,2,2,2,2,2,0,1,0,0,2,1,2,1,1,1,1,2,2,0,2,0,0,1,1,1,1,1,2,2,0,2,1,1,2,2,0,0,2,0,2,2,2,1,2,0,1,0,1,2,2,1,1,2,2,1,1,0,1,1,2,2,1,1,0,2,2,2,1,2,0,0,2,1,1,1,0,2,0,2,2,1,2
216_7,2,2,1,1,0,1,1,1,1,0,2,1,1,1,1,0,1,1,1,1,0,1,0,0,1,1,0,0,1,2,0,0,0,2,0,1,0,2,2,2,2,1,1,1,1,2,1,2,2,2,1,2,1,0,0,0,2,2,2,2,1,2,2,1,0,0,2,2,2,0,2,2,2,1,0,1,1,1,2,2,2,1,2,1,2,2,1,0,1,0,2,0,0,2,0,1,1,1,2,2,2,0,0,2,2,2,2,2,0,2,1,2,2,2,1,2,1,2,2,2,2,2,2,0,1,0,0,2,1,2,1,1,1,0,2,2,0,2,0,0,1,1,1,1,1,2,2,0,2,1,1,2,2,0,0,0,0,2,2,2,1,2,0,1,0,1,2,2,1,1,2,0,1,1,0,1,1,2,2,1,1,0,2,0,2,1,2,0,0,2,1,1,1,0,2,0,2,2,1,2
I6,0,2,0,0,2,0,1,0,1,0,0,2,1,1,1,0,1,1,0,1,0,1,0,0,1,1,0,0,1,2,1,1,0,2,0,0,2,0,1,2,0,1,1,1,1,0,0,1,2,2,1,0,0,0,2,0,2,2,2,2,1,0,1,1,0,2,2,2,1,1,1,2,0,1,0,1,1,0,0,2,2,0,0,0,2,0,1,0,1,0,0,2,0,2,2,0,0,1,2,0,2,0,2,2,2,2,2,0,0,0,1,2,2,0,1,0,1,2,2,1,0,0,2,1,0,0,0,2,1,2,1,1,0,0,2,2,0,2,0,0,0,1,0,1,1,2,0,2,2,0,1,2,0,0,0,0,0,2,2,2,1,2,0,1,0,1,2,2,0,1,0,2,1,1,1,0,0,2,2,1,1,0,2,2,2,2,0,0,0,1,1,1,1,0,0,0,0,2,1,1
I7,0,2,0,0,2,0,1,0,1,0,0,2,1,1,1,0,1,1,1,1,0,1,0,2,1,1,0,0,1,2,1,1,1,2,0,0,2,0,1,2,0,1,1,1,1,0,0,1,2,2,1,1,0,0,2,0,2,2,2,2,1,2,1,1,1,2,2,2,1,1,1,2,0,1,1,1,1,0,0,2,2,0,0,1,2,0,1,2,1,1,0,2,0,2,2,0,2,1,2,0,2,0,2,2,2,2,2,0,0,0,1,2,2,0,1,0,1,2,2,1,0,0,2,1,0,0,0,2,1,2,1,1,2,0,2,2,0,2,0,0,1,1,2,1,1,2,0,2,2,0,1,2,0,0,1,2,0,2,2,2,1,2,0,1,0,1,2,2,2,1,1,2,1,1,1,0,0,2,2,1,1,0,2,2,2,2,0,0,0,1,1,1,1,0,0,2,0,2,1,1
216_4,0,2,0,1,2,0,1,0,1,0,0,2,1,1,1,0,1,1,1,1,0,1,0,2,1,1,0,0,1,2,1,1,1,2,0,0,2,0,1,2,2,1,1,1,1,2,0,1,2,2,1,1,0,2,2,0,2,2,2,2,1,2,1,1,1,2,2,2,1,1,1,2,0,1,1,1,1,0,0,2,2,0,0,1,2,2,1,2,1,1,0,2,1,2,2,0,2,1,2,0,2,0,2,2,2,2,2,1,0,0,1,2,2,0,1,0,1,2,2,1,0,0,2,1,0,2,1,2,1,2,1,1,2,0,2,2,0,2,0,0,1,1,2,1,1,2,0,2,2,0,1,2,2,0,1,2,2,2,2,2,1,2,0,1,0,1,2,2,2,1,1,2,1,1,1,2,0,2,2,1,1,2,2,2,2,2,0,0,0,1,1,1,1,0,1,2,0,2,1,1
216_3,0,2,0,0,2,0,1,0,1,0,0,2,1,1,1,0,1,1,1,1,0,1,0,2,1,1,1,0,1,2,1,1,1,2,0,0,2,1,1,2,1,1,1,1,1,0,0,1,2,2,1,1,0,0,2,0,2,2,2,2,1,2,1,1,1,2,2,2,1,1,1,2,2,1,1,1,1,0,0,2,2,0,0,1,2,0,1,2,1,1,0,2,0,2,2,0,2,1,2,0,2,0,2,2,2,2,2,0,0,0,1,2,2,0,1,0,1,2,2,1,0,0,2,1,1,0,0,2,1,2,1,1,2,2,2,2,0,2,0,0,1,1,2,1,1,2,0,2,2,1,1,2,0,0,1,2,0,2,2,2,1,2,0,1,0,1,2,2,2,1,1,2,1,1,1,0,1,2,2,1,1,0,2,2,2,2,0,1,2,1,1,1,1,0,0,2,0,2,1,1
I8,0,2,0,0,2,0,1,2,1,0,0,2,1,1,1,0,1,1,0,1,0,1,0,0,1,1,0,2,1,2,1,1,0,2,1,2,2,0,1,2,0,1,1,1,1,0,2,1,2,2,1,1,1,2,2,0,2,2,2,2,1,0,1,1,2,2,2,2,1,1,1,2,0,1,0,1,1,0,1,2,2,0,0,0,2,0,1,0,1,0,0,2,0,2,2,1,0,1,2,0,2,0,2,2,2,2,2,0,0,0,1,2,2,2,1,0,1,2,2,1,0,1,2,1,0,0,0,2,1,2,1,1,0,0,2,2,1,2,0,0,1,1,0,1,1,2,0,2,2,2,1,2,2,0,0,0,0,2,2,2,1,2,0,1,2,1,2,2,0,1,2,2,1,1,1,0,1,2,2,1,1,0,2,2,2,2,2,0,0,1,1,1,1,2,0,0,0,2,1,1
216_2,0,2,0,2,2,0,1,2,1,0,0,2,1,1,1,0,1,1,0,1,0,1,0,0,1,1,0,2,1,2,1,1,1,2,1,2,2,0,1,2,0,1,1,1,1,0,2,1,2,2,1,1,1,2,2,0,2,2,2,2,1,0,1,1,2,2,2,2,1,1,1,2,1,1,1,1,1,0,1,2,2,0,0,0,2,0,1,2,1,0,0,2,0,2,2,1,0,1,2,0,2,0,2,2,2,2,2,0,0,2,1,2,2,2,1,0,1,2,2,1,1,1,2,1,0,0,1,2,1,2,1,1,0,2,2,2,1,2,0,0,1,1,0,1,1,2,0,2,2,2,1,2,2,0,0,0,0,2,2,2,1,2,0,1,2,1,2,2,1,1,2,2,1,1,1,1,1,2,2,1,1,0,2,2,2,2,2,0,0,1,1,1,1,2,0,0,1,2,1,1
216_1,0,2,0,2,2,0,1,2,1,0,0,2,1,1,1,0,1,1,0,1,0,1,0,0,1,1,0,2,1,2,1,1,0,2,1,2,2,0,1,2,0,1,1,1,1,0,2,1,2,2,1,1,1,2,2,0,2,2,2,2,1,0,1,1,2,2,2,2,1,1,1,2,0,1,0,1,1,0,1,2,2,0,0,2,2,2,1,0,1,0,0,2,0,2,2,1,0,1,2,1,2,0,2,2,2,2,2,0,1,0,1,2,2,2,1,0,1,2,2,1,0,1,2,1,0,0,0,2,1,2,1,1,0,0,2,2,1,2,2,0,1,1,0,1,1,2,0,2,2,2,1,2,2,0,1,0,0,2,2,2,1,2,2,1,2,1,2,2,0,1,2,2,1,1,1,0,1,2,2,1,1,0,2,2,2,2,2,0,0,1,1,1,1,2,0,0,0,2,1,1
I9,0,0,0,0,1,0,0,1,2,0,0,0,0,2,1,0,1,1,0,1,1,0,0,0,0,1,1,0,1,0,0,0,2,1,0,0,1,1,1,0,0,1,0,1,0,0,1,0,0,0,0,1,1,0,0,0,2,0,0,2,2,0,0,0,1,0,2,2,0,0,0,0,0,2,0,1,0,0,0,2,1,0,0,0,0,0,1,0,1,0,0,0,0,0,0,1,0,2,2,0,2,0,1,0,2,0,0,2,1,2,1,2,2,0,1,0,1,0,0,0,0,0,2,0,0,1,0,2,1,0,2,0,0,0,0,0,0,0,0,0,0,0,2,2,0,2,0,0,2,2,1,0,0,1,0,0,0,2,2,2,0,1,2,2,0,1,2,0,2,1,0,0,1,0,0,0,0,2,0,0,1,1,0,2,2,0,0,0,0,0,1,1,1,0,0,0,0,0,0,0
I10,2,0,2,1,1,0,0,1,2,1,2,0,0,2,1,0,1,1,0,1,1,0,0,0,2,1,1,1,1,1,0,0,2,1,0,0,1,1,1,0,0,1,2,1,0,0,1,2,1,0,0,1,1,0,1,2,2,2,0,2,2,0,0,0,1,0,2,2,0,0,1,0,0,2,0,1,0,2,0,2,1,1,0,0,0,0,1,0,1,0,0,0,0,0,2,1,0,2,2,0,2,0,1,0,2,0,0,2,1,2,1,2,2,0,1,0,1,0,1,1,0,0,2,0,0,1,1,2,1,0,2,1,2,2,0,1,0,2,0,0,1,0,2,2,0,2,0,2,2,2,1,0,1,1,2,2,0,2,2,2,1,1,2,2,2,1,2,2,2,1,0,0,1,0,0,1,0,2,1,0,1,1,0,2,2,0,0,0,2,0,1,1,1,0,2,0,0,0,2,2
216_12,2,0,2,1,1,1,0,1,2,1,2,2,0,2,1,0,1,1,0,1,1,0,0,2,2,1,1,1,1,1,0,0,2,1,2,0,1,1,1,1,0,1,2,1,0,0,1,2,1,0,0,1,1,0,1,2,2,2,0,2,2,1,0,0,1,0,2,2,0,0,1,0,2,2,0,1,0,2,1,2,1,1,0,1,1,0,1,0,1,0,2,2,2,0,2,1,0,2,2,0,2,0,1,2,2,1,0,2,1,2,1,2,2,0,1,2,1,0,1,1,1,0,2,0,0,1,1,2,1,1,2,1,2,2,1,1,0,2,1,0,1,0,2,2,0,2,0,2,2,2,1,0,1,1,2,2,1,2,2,2,1,1,2,2,2,1,2,2,2,1,0,2,1,0,2,1,0,2,1,0,1,1,2,2,2,0,1,1,2,2,1,1,1,1,2,0,0,2,2,2
I11,2,0,2,1,1,2,0,1,2,1,2,0,0,2,1,0,1,1,2,1,1,0,0,0,2,1,1,1,1,1,2,0,2,1,0,1,1,1,1,1,1,1,2,1,0,0,1,2,1,0,0,1,1,0,1,2,2,2,0,2,2,0,0,1,1,0,2,2,0,0,1,0,2,2,0,1,1,2,0,2,1,1,0,0,2,2,1,0,1,0,0,0,0,0,2,1,0,2,2,0,2,2,1,1,2,1,2,2,1,2,1,2,2,1,1,2,1,1,1,1,0,0,2,2,0,1,1,2,1,0,2,1,2,2,0,1,0,2,0,0,1,0,2,2,0,2,0,2,2,2,1,0,1,1,2,2,0,2,2,2,1,1,2,2,2,1,2,2,2,1,0,2,1,0,0,1,0,2,1,1,1,1,0,2,2,0,0,0,2,1,1,1,1,0,2,0,0,0,2,2
216_10,2,0,2,1,1,2,0,1,2,1,2,0,0,2,1,0,1,1,2,1,1,0,2,0,2,1,1,1,1,1,2,0,2,1,0,1,1,1,1,1,1,1,2,1,0,0,1,2,1,0,2,1,1,0,1,2,2,2,0,2,2,0,0,1,1,0,2,2,0,0,1,2,2,2,2,1,1,2,0,2,1,1,0,0,2,2,1,0,1,0,0,0,0,2,2,1,0,2,2,2,2,2,1,1,2,1,2,2,1,2,1,2,2,1,1,2,1,1,1,1,0,0,2,2,0,1,1,2,1,0,2,1,2,2,0,1,0,2,0,0,1,0,2,2,2,2,0,2,2,2,1,0,1,1,2,2,0,2,2,2,1,1,2,2,2,1,2,2,2,1,0,2,1,0,0,1,0,2,1,1,1,1,0,2,2,0,0,0,2,1,1,1,1,0,2,0,2,2,2,2
216_9,2,0,2,1,1,2,0,1,2,1,2,0,0,2,1,0,1,1,2,1,1,0,1,0,2,1,1,1,1,1,2,1,2,1,1,1,1,1,1,1,1,1,2,1,0,0,1,2,1,0,0,1,1,0,1,2,2,2,0,2,2,0,0,1,1,0,2,2,0,2,1,0,2,2,0,1,1,2,0,2,1,1,2,0,2,2,1,0,1,0,1,0,0,0,2,1,0,2,2,0,2,2,1,1,2,1,2,2,1,2,1,2,2,1,1,2,1,1,1,1,0,0,2,2,0,1,1,2,1,2,2,1,2,2,0,1,0,2,0,0,1,0,2,2,1,2,0,2,2,2,1,0,1,1,2,2,0,2,2,2,1,1,2,2,2,1,2,2,2,1,0,2,1,0,2,1,0,2,1,1,1,1,0,2,2,0,0,0,2,1,1,1,1,0,2,0,0,0,2,2
I12,2,2,2,1,1,2,1,1,2,2,0,1,0,2,1,0,1,1,0,1,1,1,0,1,0,1,1,1,1,2,1,2,2,1,0,0,1,1,1,0,0,1,0,1,1,1,1,0,1,2,0,1,1,0,0,0,2,0,0,2,2,0,0,1,1,0,2,2,0,0,0,0,0,2,2,1,0,1,0,2,1,0,1,0,0,2,1,0,1,0,0,0,2,0,0,1,0,2,2,0,2,2,1,0,2,0,0,2,1,2,1,2,2,0,1,1,1,0,1,0,2,0,2,0,0,1,0,2,1,0,2,0,0,0,2,2,1,0,0,2,0,0,2,2,0,2,2,0,2,2,1,0,0,1,2,0,1,2,2,2,1,1,2,2,0,1,2,0,2,1,0,0,1,0,0,0,1,2,0,0,1,1,0,2,2,2,0,0,0,0,1,1,1,2,0,0,0,0,2,0
I13,2,2,2,1,1,2,1,1,2,2,0,1,1,2,1,0,1,1,0,1,1,1,2,1,0,1,1,1,1,2,1,2,2,1,0,0,1,1,1,0,0,1,0,1,1,1,1,1,1,2,2,1,1,2,1,0,2,0,2,2,2,0,0,1,1,2,2,2,0,0,1,0,0,2,2,1,0,1,0,2,1,0,1,0,0,2,1,0,1,1,0,1,2,0,0,1,0,2,2,0,2,2,1,0,2,0,1,2,1,2,1,2,2,1,1,1,1,1,1,0,2,0,2,2,1,1,0,2,1,0,2,1,0,0,2,2,1,2,0,2,0,0,2,2,0,2,2,2,2,2,1,0,0,1,2,0,1,2,2,2,1,1,2,2,2,1,2,0,2,1,0,0,1,0,0,0,1,2,0,0,1,1,1,2,2,2,0,2,0,0,1,1,1,2,0,0,0,0,2,0
216_16,2,2,2,1,1,2,1,1,2,2,0,1,1,2,1,0,1,1,0,1,1,1,2,1,0,1,1,1,1,2,1,2,2,1,0,0,1,1,1,0,0,1,0,1,1,1,1,1,1,2,2,1,1,2,1,0,2,0,2,2,2,0,2,1,1,2,2,2,0,0,1,0,0,2,2,1,2,1,0,2,1,0,1,0,0,2,1,0,1,1,0,1,2,0,0,1,0,2,2,0,2,2,1,0,2,0,1,2,1,2,1,2,2,1,1,1,1,1,1,0,2,0,2,2,1,1,0,2,1,1,2,1,0,0,2,2,1,2,0,2,1,0,2,2,0,2,2,2,2,2,1,0,0,1,2,0,1,2,2,2,1,1,2,2,2,1,2,2,2,1,0,0,1,0,0,0,1,2,1,0,1,1,1,2,2,2,0,2,0,0,1,1,1,2,0,0,0,2,2,0
216_15,2,2,2,1,1,2,1,1,2,2,1,1,1,2,1,0,1,1,0,1,1,1,2,1,1,1,1,1,1,2,1,2,2,1,0,0,1,1,1,0,0,1,0,1,1,1,1,1,1,2,2,1,1,2,1,0,2,0,2,2,2,0,0,1,1,2,2,2,0,0,1,0,2,2,2,1,0,1,0,2,1,0,1,2,2,2,1,0,1,1,0,1,2,2,0,1,1,2,2,1,2,2,1,0,2,0,1,2,1,2,1,2,2,1,1,1,1,1,1,0,2,0,2,2,1,1,1,2,1,0,2,1,0,0,2,2,1,2,0,2,0,0,2,2,0,2,2,2,2,2,1,2,2,1,2,0,1,2,2,2,1,1,2,2,2,1,2,0,2,1,0,0,1,0,0,0,1,2,2,0,1,1,1,2,2,2,0,2,0,0,1,1,1,2,0,0,0,0,2,0
I14,2,2,2,1,1,2,1,1,2,2,1,1,0,2,1,0,1,1,0,1,1,1,0,1,0,1,1,1,1,2,1,2,2,1,0,2,1,1,1,0,0,1,0,1,1,1,1,0,1,2,0,1,1,0,0,0,2,0,0,2,2,0,0,1,1,0,2,2,0,0,0,1,0,2,2,1,0,1,0,2,1,0,1,1,1,2,1,1,1,2,0,1,2,1,0,1,0,2,2,1,2,2,1,2,2,0,0,2,1,2,1,2,2,0,1,1,1,0,1,2,2,0,2,1,0,1,0,2,1,0,2,0,1,0,2,2,1,0,0,2,0,0,2,2,0,2,2,2,2,2,1,0,0,1,2,0,1,2,2,2,1,1,2,2,1,1,2,0,2,1,0,2,1,0,0,1,1,2,0,0,1,1,0,2,2,2,1,1,2,2,1,1,1,2,0,0,0,0,2,0
216_14,2,2,2,1,1,2,1,1,2,2,1,1,0,2,1,0,1,1,0,1,1,1,2,1,0,1,1,1,1,2,1,2,2,1,0,2,1,1,1,0,0,1,0,1,1,1,1,0,1,2,0,1,1,0,0,0,2,0,0,2,2,0,2,1,1,0,2,2,0,0,0,1,2,2,2,1,2,1,0,2,1,0,1,1,1,2,1,1,1,2,2,1,2,1,0,1,2,2,2,1,2,2,1,2,2,2,0,2,1,2,1,2,2,0,1,1,1,1,1,2,2,1,2,1,1,1,0,2,1,0,2,0,1,0,2,2,1,0,2,2,0,0,2,2,0,2,2,2,2,2,1,2,0,1,2,1,1,2,2,2,1,1,2,2,1,1,2,0,2,1,0,2,1,1,0,1,1,2,0,0,1,1,0,2,2,2,1,1,2,2,1,1,1,2,0,0,2,0,2,0
216_13,2,2,2,1,1,2,1,1,2,2,1,1,0,2,1,0,1,1,0,1,1,1,0,1,0,1,1,1,1,2,1,2,2,1,2,2,1,1,1,0,0,1,0,1,1,1,1,0,1,2,1,1,1,0,2,0,2,0,2,2,2,0,0,1,1,0,2,2,0,1,0,1,0,2,2,1,0,1,0,2,1,0,1,1,1,2,1,1,1,2,1,1,2,1,0,1,2,2,2,1,2,2,1,2,2,0,0,2,1,2,1,2,2,0,1,1,1,0,1,2,2,0,2,1,0,1,2,2,1,0,2,2,1,0,2,2,1,0,2,2,0,0,2,2,1,2,2,2,2,2,1,0,0,1,2,0,1,2,2,2,1,1,2,2,1,1,2,0,2,1,2,2,1,0,0,1,1,2,0,0,1,1,0,2,2,2,1,1,2,2,1,1,1,2,0,0,0,0,2,0
I15,0,0,0,0,0,0,0,0,0,0,0,0,0,0,0,1,0,0,0,0,0,0,0,0,0,0,0,0,0,0,0,0,2,0,2,0,0,1,0,0,1,0,0,0,0,1,0,0,0,0,0,0,0,0,0,0,0,1,0,0,0,0,0,0,2,0,0,0,0,0,0,2,0,1,0,0,0,0,0,1,0,0,0,0,0,1,0,0,0,0,0,0,0,0,0,0,0,0,0,0,0,0,0,0,0,0,0,2,0,0,0,0,0,0,1,0,0,0,1,0,0,0,0,0,0,0,1,0,0,0,0,0,0,0,0,0,0,0,2,0,1,0,0,0,0,0,0,0,0,0,0,2,0,0,0,0,2,0,0,0,0,0,0,0,0,0,2,0,0,0,0,0,0,0,0,0,0,0,0,0,0,0,0,0,0,0,0,0,2,0,0,0,0,0,0,0,0,0,0,0
I16,0,0,0,0,0,0,0,2,0,0,0,0,2,2,0,1,0,2,0,0,0,1,2,0,0,0,0,0,0,1,0,2,2,2,2,0,1,1,2,0,1,0,1,0,1,1,0,0,0,0,0,0,2,0,0,0,1,1,0,0,0,0,1,0,2,0,0,0,0,1,0,2,0,1,0,0,0,0,0,1,0,0,0,0,0,1,0,0,2,0,0,0,0,0,0,1,1,0,2,2,1,0,0,0,0,0,0,2,0,1,0,0,0,0,1,0,0,0,1,0,2,1,1,0,2,1,1,0,0,0,2,0,2,0,0,0,2,2,2,0,1,1,0,0,0,0,0,0,0,1,0,2,0,1,0,0,2,0,2,0,0,0,0,0,0,2,2,2,0,0,0,0,0,2,0,0,1,1,0,2,0,2,0,0,1,0,0,0,2,0,0,0,0,0,0,0,0,0,0,0
I17,2,0,1,1,0,0,0,2,2,0,0,1,2,2,0,1,1,2,0,2,0,1,2,0,0,1,2,0,2,1,2,2,2,2,2,0,1,1,2,2,1,1,1,0,1,1,1,2,0,0,0,1,2,0,1,0,1,1,2,0,0,2,1,1,2,2,0,1,2,1,1,2,1,1,0,0,2,1,0,1,0,0,0,0,0,1,0,0,2,0,0,2,0,1,2,1,1,0,2,2,1,1,0,2,0,0,0,2,0,1,0,2,2,0,1,0,2,0,1,0,2,1,1,2,2,1,1,2,0,0,2,0,2,2,1,2,2,2,2,0,1,1,0,0,2,0,0,0,2,1,0,2,1,1,0,2,2,2,2,1,0,2,1,2,1,2,2,2,2,0,1,0,0,2,1,0,1,1,0,2,0,2,1,1,1,2,1,0,2,0,0,0,2,0,0,2,0,0,0,1
I18,2,0,1,1,0,0,0,2,2,0,0,1,2,2,1,1,1,2,0,2,0,1,2,1,0,1,2,0,2,1,2,2,2,2,2,0,1,1,2,2,1,1,1,0,1,1,1,2,2,2,0,1,2,2,1,2,1,1,2,0,0,2,1,1,2,2,0,1,2,1,1,2,1,1,0,0,2,1,0,1,2,0,0,0,0,1,0,0,2,0,0,2,0,1,2,1,1,0,2,2,1,1,0,2,0,0,0,2,0,1,0,2,2,0,1,0,2,0,1,0,2,1,1,2,2,1,1,2,0,0,2,0,2,2,1,2,2,2,2,0,1,1,0,0,2,1,1,0,2,1,0,2,1,1,2,2,2,2,2,1,2,2,1,2,1,2,2,2,2,0,1,0,0,2,1,1,1,1,0,2,1,2,1,1,1,2,1,0,2,0,0,0,2,2,0,2,0,0,0,1
216_34,2,0,1,1,0,0,0,2,2,0,0,1,2,2,1,1,1,2,0,2,0,1,2,1,0,1,2,0,2,1,2,2,2,2,2,0,1,1,2,2,1,1,1,0,1,1,1,2,2,2,0,1,2,2,1,2,1,1,2,0,0,2,1,1,2,2,0,1,2,1,1,2,1,1,0,0,2,1,0,1,2,0,0,0,0,1,0,0,2,0,0,2,0,1,2,1,1,0,2,2,1,1,0,2,0,0,0,2,0,1,0,2,2,0,1,0,2,0,1,0,2,1,1,2,2,1,1,2,0,0,2,0,2,2,1,2,2,2,2,0,1,1,0,0,2,1,1,0,2,1,0,2,1,1,2,2,2,2,2,1,2,2,1,2,1,2,2,2,2,0,1,0,0,2,1,1,1,1,0,2,1,2,1,1,1,2,1,0,2,0,0,0,2,2,0,2,0,0,0,1
216_33,2,0,1,1,0,0,1,2,2,0,0,1,2,2,1,1,1,2,0,2,0,1,2,1,0,1,2,0,2,1,2,2,2,2,2,0,1,1,2,2,1,1,1,0,1,1,1,2,2,2,0,1,2,2,1,2,1,1,2,0,0,2,1,1,2,2,0,1,2,1,1,2,1,1,0,0,2,1,0,1,2,0,0,0,0,1,0,0,2,0,0,2,0,1,2,1,1,0,2,2,1,1,0,2,0,0,0,2,0,1,0,2,2,0,1,0,2,0,1,0,2,1,1,2,2,1,1,2,1,0,2,0,2,2,1,2,2,2,2,0,1,1,0,0,2,1,1,0,2,1,0,2,1,1,2,2,2,2,2,1,2,2,1,2,1,2,2,2,2,0,1,0,0,2,1,1,1,1,2,2,1,2,1,1,1,2,1,0,2,0,0,0,2,2,0,2,0,0,0,1
I19,2,0,1,1,0,1,0,2,2,0,0,1,2,2,2,1,1,2,0,2,0,1,2,0,0,1,2,0,2,1,2,2,2,2,2,0,1,1,2,2,1,1,1,0,1,1,1,2,0,0,0,1,2,2,1,0,1,1,2,0,0,2,1,1,2,2,0,1,2,1,1,2,1,1,0,0,2,1,2,1,0,1,0,1,0,1,0,0,2,0,0,2,0,1,2,1,1,0,2,2,1,1,0,2,0,0,0,2,2,1,0,2,2,0,1,0,2,0,1,0,2,1,1,2,2,1,1,2,1,0,2,0,2,2,1,2,2,2,2,2,1,1,0,0,2,0,1,0,2,1,0,2,1,1,0,2,2,2,2,1,0,2,1,2,1,2,2,2,2,1,1,0,0,2,1,2,1,1,0,2,0,2,1,1,1,2,1,1,2,0,0,0,2,0,0,2,0,0,0,1
216_36,2,0,1,1,0,1,0,2,2,0,0,1,2,2,2,1,1,2,0,2,0,1,2,0,0,1,2,0,2,1,2,2,2,2,2,0,1,1,2,2,1,1,1,0,1,1,1,2,0,0,0,1,2,2,1,0,1,1,2,0,0,2,1,1,2,2,0,1,2,1,1,2,1,1,0,0,2,1,2,1,0,1,0,1,0,1,0,0,2,0,0,2,0,1,2,1,1,1,2,2,1,1,0,2,0,1,0,2,2,1,0,2,2,0,1,0,2,0,1,0,2,1,1,2,2,1,1,2,1,0,2,0,2,2,1,2,2,2,2,2,1,1,0,0,2,0,1,0,2,1,0,2,1,1,0,2,2,2,2,1,0,2,1,2,1,2,2,2,2,1,1,0,0,2,1,2,1,1,0,2,0,2,1,1,1,2,1,1,2,0,0,0,2,0,0,2,0,0,0,1
216_35,2,0,1,1,0,1,0,2,2,0,0,1,2,2,2,1,1,2,0,2,0,1,2,0,0,1,2,0,2,1,2,2,2,2,2,0,1,1,2,2,1,1,1,1,1,1,1,2,1,0,2,1,2,2,1,0,1,1,2,0,0,2,1,1,2,2,0,1,2,1,1,2,1,1,0,0,2,1,2,1,0,1,0,1,0,1,0,0,2,0,0,2,0,1,2,1,1,0,2,2,1,1,0,2,0,0,0,2,2,1,0,2,2,0,1,0,2,0,1,0,2,1,1,2,2,1,1,2,1,0,2,0,2,2,1,2,2,2,2,2,1,1,0,0,2,0,1,0,2,1,0,2,1,1,0,2,2,2,2,1,0,2,1,2,1,2,2,2,2,1,1,0,0,2,1,2,1,1,0,2,0,2,1,1,1,2,1,1,2,0,0,0,2,0,0,2,0,0,0,1
I20,0,1,1,2,1,0,0,2,0,1,0,1,2,2,2,1,2,2,0,0,0,1,2,0,0,0,1,0,1,1,0,2,2,2,2,0,1,1,2,2,1,2,1,0,1,1,0,2,0,2,2,0,2,0,0,0,1,1,1,0,0,0,1,0,2,0,1,2,2,1,0,2,0,1,1,0,2,0,0,1,1,2,1,1,1,1,2,0,2,1,0,0,0,2,0,1,1,0,2,2,1,0,1,0,2,0,0,2,0,1,2,0,0,2,1,1,0,2,1,1,2,1,1,1,2,1,1,1,1,2,2,2,2,0,0,0,2,2,2,1,1,1,0,0,0,1,0,0,0,1,0,2,0,1,1,1,2,1,2,1,1,2,0,2,2,2,2,2,0,1,0,0,0,2,2,2,1,1,0,2,0,2,1,2,1,0,0,0,2,0,0,0,1,0,0,0,2,0,0,0
I21,0,1,1,2,1,0,0,2,0,1,0,1,2,2,2,1,2,2,1,0,1,1,2,2,0,0,1,0,1,1,1,2,2,2,2,0,1,1,2,2,1,2,1,0,1,1,0,2,0,2,2,0,2,2,0,0,1,1,1,0,0,0,1,2,2,0,1,2,2,1,0,2,0,1,1,2,2,0,0,1,1,2,1,1,1,1,2,0,2,1,0,0,0,2,0,1,1,0,2,2,1,0,1,0,2,0,0,2,0,1,2,0,0,2,1,1,0,2,1,1,2,1,1,1,2,1,1,1,1,2,2,2,2,0,2,0,2,2,2,1,1,1,0,1,0,1,0,2,0,1,0,2,0,1,1,1,2,1,2,1,1,2,0,2,2,2,2,2,0,1,2,0,0,2,2,2,1,1,0,2,0,2,1,2,1,1,0,2,2,0,0,0,1,0,0,2,2,0,0,0
216_44,1,1,1,2,1,0,0,2,0,1,0,1,2,2,2,1,2,2,1,2,1,1,2,2,0,0,1,1,1,1,1,2,2,2,2,0,1,1,2,2,1,2,1,0,1,1,0,2,1,2,2,0,2,2,0,0,1,1,1,0,0,0,1,2,2,0,1,2,2,1,0,2,0,1,1,2,2,2,0,1,1,2,1,1,1,1,2,0,2,1,0,0,0,2,0,1,1,0,2,2,1,0,1,0,2,0,0,2,0,1,2,0,0,2,1,1,0,2,1,1,2,1,1,1,2,1,1,1,1,2,2,2,2,0,2,0,2,2,2,1,1,1,0,1,2,1,0,2,0,1,0,2,0,1,1,1,2,1,2,1,1,2,2,2,2,2,2,2,0,1,2,0,0,2,2,2,1,1,0,2,1,2,1,2,1,1,0,2,2,0,0,1,1,0,0,2,2,0,0,0
216_43,0,1,1,2,1,0,0,2,0,1,0,1,2,2,2,1,2,2,1,1,1,1,2,2,0,0,1,0,1,1,1,2,2,2,2,0,1,1,2,2,1,2,1,0,1,1,2,2,0,2,2,1,2,2,0,2,1,1,1,0,0,0,1,2,2,2,1,2,2,1,0,2,0,1,1,2,2,0,0,1,1,2,1,1,1,1,2,0,2,1,0,0,0,2,0,1,1,0,2,2,1,0,1,0,2,0,0,2,0,1,2,0,0,2,1,1,0,2,1,1,2,1,1,1,2,1,1,1,1,2,2,2,2,0,2,0,2,2,2,1,1,1,0,1,0,1,0,2,0,1,0,2,0,1,1,1,2,1,2,1,1,2,0,2,2,2,2,2,2,1,2,0,0,2,2,2,1,1,1,2,0,2,1,2,1,1,0,2,2,1,0,0,1,0,0,2,2,0,0,0
I22,0,1,1,2,1,0,0,2,0,1,0,1,2,2,2,1,2,2,0,0,0,1,2,0,0,1,1,1,1,1,0,2,2,2,2,0,1,1,2,2,1,2,1,0,1,1,0,2,0,2,2,0,2,0,0,0,1,1,1,0,1,0,1,0,2,0,1,2,2,1,0,2,0,1,1,0,2,1,0,1,1,2,1,1,1,1,2,0,2,1,0,0,0,2,1,1,1,2,2,2,1,1,1,0,2,0,0,2,0,1,2,0,0,2,1,1,0,2,1,1,2,1,1,1,2,1,1,1,1,2,2,2,2,0,2,0,2,2,2,1,1,1,0,0,0,1,2,0,0,1,0,2,0,1,1,1,2,1,2,1,1,2,0,2,2,2,2,2,0,1,0,2,0,2,2,2,1,1,0,2,0,2,1,2,1,0,1,0,2,0,0,0,1,1,0,1,2,0,0,0
216_46,0,1,1,2,1,0,0,2,0,1,0,1,2,2,2,1,2,2,0,0,1,1,2,0,0,1,1,1,1,1,0,2,2,2,2,0,1,1,2,2,1,2,1,0,1,1,0,2,0,2,2,0,2,0,0,0,1,1,1,0,1,0,1,1,2,0,1,2,2,1,0,2,0,1,1,0,2,1,2,1,1,2,1,1,1,1,2,0,2,1,0,2,0,2,1,1,1,2,2,2,1,1,1,0,2,0,0,2,0,1,2,0,0,2,1,1,0,2,1,1,2,1,1,1,2,1,1,1,1,2,2,2,2,0,2,0,2,2,2,1,1,1,0,0,0,1,2,0,0,1,0,2,0,1,1,1,2,1,2,1,1,2,0,2,2,2,2,2,1,1,0,2,0,2,2,2,1,1,0,2,0,2,1,2,1,0,1,0,2,0,0,0,1,1,0,1,2,0,0,1
216_45,0,1,1,2,1,0,0,2,0,1,1,1,2,2,2,1,2,2,0,0,0,1,2,0,0,1,1,1,1,1,0,2,2,2,2,2,1,1,2,2,1,2,1,0,1,1,0,2,0,2,2,0,2,0,0,0,1,1,1,0,1,0,1,0,2,0,1,2,2,1,0,2,0,1,1,0,2,1,1,1,1,2,1,1,1,1,2,0,2,1,0,0,0,2,1,1,1,2,2,2,1,1,1,0,2,0,0,2,0,1,2,0,1,2,1,1,2,2,1,1,2,1,1,1,2,1,1,1,1,2,2,2,2,0,2,0,2,2,2,1,1,1,0,0,0,1,2,0,0,1,0,2,0,1,1,1,2,1,2,1,1,2,0,2,2,2,2,2,0,1,0,2,0,2,2,2,1,1,0,2,0,2,1,2,1,0,1,0,2,0,0,0,1,1,0,1,2,0,0,1
I23,0,1,2,0,0,0,2,0,0,0,0,1,2,0,0,1,0,0,2,1,0,0,0,1,0,0,0,0,0,0,0,0,2,0,2,0,1,1,1,1,1,2,0,0,0,1,0,0,1,1,0,0,0,0,0,2,0,1,0,0,1,0,0,0,2,0,2,2,0,0,1,2,0,1,0,0,1,0,0,1,0,0,2,0,0,1,0,0,0,0,1,0,0,0,2,0,0,0,0,0,0,0,0,0,0,0,0,2,0,0,0,0,1,0,1,1,0,0,1,0,0,0,1,1,0,0,1,0,0,0,0,0,0,0,0,0,0,2,2,0,1,0,1,0,0,1,0,1,1,0,0,2,0,0,0,0,2,0,1,1,0,0,0,0,0,0,2,0,0,0,0,2,0,0,0,0,0,0,0,0,0,0,0,1,0,0,0,0,2,0,2,1,0,0,0,0,1,0,0,0
I24,1,1,2,1,0,0,2,0,0,0,0,1,2,2,1,1,0,2,2,1,0,0,0,1,2,0,0,0,0,0,2,0,2,0,2,0,1,1,1,1,1,2,0,0,0,1,0,0,1,1,0,1,0,2,1,2,0,1,0,0,1,0,0,2,2,1,2,2,0,0,1,2,0,1,0,0,1,2,0,1,0,1,2,0,0,1,0,0,0,0,1,0,0,0,2,0,0,1,0,2,0,1,0,0,0,2,0,2,0,0,0,2,1,0,1,1,0,0,1,1,0,2,1,1,0,0,1,0,2,0,0,0,0,1,0,2,0,2,2,1,1,0,1,0,0,1,0,1,1,0,2,2,0,0,0,0,2,2,1,1,0,2,0,0,0,2,2,1,0,0,0,2,0,1,0,2,0,0,0,1,0,0,0,1,0,0,0,0,2,1,2,1,0,0,0,0,1,0,0,0
I25,1,1,2,1,0,1,2,0,0,0,0,1,2,2,1,1,2,2,2,1,0,0,0,1,2,0,0,0,0,2,2,0,2,2,2,0,1,1,1,1,1,2,0,0,2,1,0,0,1,1,0,1,0,2,1,2,0,1,2,0,1,2,0,2,2,1,2,2,0,2,1,2,1,1,0,0,1,2,0,1,0,1,2,0,0,1,0,0,0,0,1,0,0,0,2,0,2,1,0,2,0,1,0,1,0,2,0,2,0,0,1,2,1,1,1,1,0,2,1,1,0,2,1,1,0,1,1,0,2,0,0,0,0,1,0,2,0,2,2,1,1,0,1,0,2,1,0,1,1,0,2,2,0,1,0,0,2,2,1,1,0,2,0,0,0,2,2,1,0,2,0,2,0,1,0,2,0,0,0,1,0,0,0,1,0,0,0,2,2,1,2,1,0,0,0,0,1,2,2,0
I26,1,1,2,1,0,1,2,0,0,0,0,1,2,2,1,1,2,2,2,1,0,0,0,1,2,0,0,1,0,2,2,0,2,2,2,0,1,1,1,1,1,2,0,0,2,1,1,0,1,1,0,1,0,2,1,2,0,1,2,0,1,2,2,2,2,1,2,2,0,2,1,2,1,1,0,0,1,2,0,1,0,1,2,0,2,1,0,0,0,0,1,1,0,0,2,0,2,1,2,2,0,1,0,1,0,2,0,2,0,0,1,2,1,1,1,1,0,2,1,1,0,2,1,1,0,1,1,0,2,1,0,0,0,1,0,2,0,2,2,1,1,0,1,0,2,1,0,1,1,2,2,2,0,1,2,0,2,2,1,1,2,2,0,0,2,2,2,1,0,2,0,2,0,1,0,2,0,0,0,1,1,0,0,1,0,0,0,2,2,1,2,1,0,0,0,0,1,2,2,0
216_20,1,1,2,1,2,1,2,0,2,0,1,1,2,2,1,1,2,2,2,1,0,0,0,1,2,0,0,1,0,2,2,0,2,2,2,0,1,1,1,1,1,2,0,0,2,1,1,0,1,1,0,1,0,2,1,2,0,1,2,0,1,2,2,2,2,1,2,2,0,2,1,2,1,1,0,0,1,2,0,1,0,1,2,0,2,1,0,0,0,0,1,1,0,0,2,2,2,1,2,2,0,1,0,1,0,2,0,2,0,1,1,2,1,1,1,1,2,2,1,1,1,2,1,1,0,1,1,2,2,1,2,0,0,1,0,2,0,2,2,1,1,2,1,0,2,1,0,1,1,2,2,2,0,1,2,0,2,2,1,1,2,2,0,0,2,2,2,1,0,2,0,2,0,1,0,2,0,0,0,1,1,0,2,1,0,0,1,2,2,1,2,1,0,0,1,0,1,2,2,0
216_19,1,1,2,1,0,1,2,0,0,0,0,1,2,2,1,1,2,2,2,1,0,0,1,1,2,0,0,1,0,2,2,0,2,2,2,0,1,1,1,1,1,2,0,0,2,1,1,2,1,1,0,1,0,2,1,2,0,1,2,2,1,2,2,2,2,1,2,2,0,2,1,2,1,1,0,0,1,2,0,1,0,1,2,0,2,1,0,0,0,0,1,1,1,0,2,1,2,1,2,2,0,1,0,1,0,2,0,2,0,0,1,2,1,1,1,1,0,2,1,1,0,2,1,1,0,1,1,1,2,1,0,0,0,1,0,2,0,2,2,1,1,0,1,0,2,1,0,1,1,2,2,2,0,1,2,0,2,2,1,1,2,2,2,0,2,2,2,1,2,2,0,2,0,1,0,2,0,1,0,1,1,0,0,1,2,2,2,2,2,1,2,1,0,0,0,0,1,2,2,0
I27,1,1,2,1,1,1,2,0,0,0,0,1,2,2,1,1,2,2,2,1,0,0,0,1,2,0,0,1,1,2,2,0,2,2,2,0,1,1,1,1,1,2,0,1,2,1,1,0,1,1,0,1,0,2,1,2,0,1,2,0,1,2,0,2,2,1,2,2,0,2,1,2,1,1,0,0,1,2,0,1,0,1,2,0,0,1,0,0,0,2,1,0,0,0,2,0,2,1,2,2,0,1,0,1,0,2,0,2,0,1,1,2,1,1,1,1,0,2,1,1,0,2,1,1,0,1,1,0,2,0,0,0,2,1,0,2,0,2,2,1,1,0,1,0,2,1,0,1,1,0,2,2,0,1,0,0,2,2,1,1,0,2,0,2,0,2,2,1,0,2,1,2,2,1,1,2,0,0,0,1,0,0,0,1,0,0,0,2,2,1,2,1,0,2,0,2,1,2,2,0
216_18,1,1,2,1,1,1,2,0,0,0,0,1,2,2,1,1,2,2,2,1,0,0,0,1,2,2,0,1,1,2,2,1,2,2,2,0,1,1,1,1,1,2,2,1,2,1,1,0,1,1,0,1,1,2,1,2,0,1,2,0,1,2,0,2,2,1,2,2,0,2,1,2,1,1,0,0,1,2,0,1,0,1,2,0,0,1,0,0,0,2,1,0,0,0,2,0,2,1,2,2,0,1,0,1,0,2,0,2,0,1,1,2,1,1,1,1,1,2,1,1,1,2,1,1,0,1,1,0,2,0,0,0,2,1,0,2,0,2,2,1,1,0,1,0,2,1,0,1,1,0,2,2,0,1,0,0,2,2,1,1,0,2,0,2,0,2,2,1,0,2,1,2,2,1,1,2,0,0,0,1,0,1,0,1,0,1,0,2,2,1,2,1,0,2,2,2,1,2,2,0
216_17,1,1,2,1,1,1,2,0,0,0,0,1,2,2,1,1,2,2,2,1,0,0,2,1,2,0,0,1,1,2,2,0,2,2,2,0,1,1,1,1,1,2,0,1,2,1,1,0,1,1,0,1,1,2,1,2,0,1,2,2,1,2,0,2,2,1,2,2,0,2,1,2,1,1,0,0,1,2,2,1,0,1,2,0,0,1,0,0,1,2,1,0,0,2,2,0,2,1,2,2,1,1,0,1,0,2,0,2,0,1,1,2,1,1,1,1,0,2,1,1,0,2,1,1,0,1,1,0,2,0,0,0,2,1,2,2,0,2,2,1,1,1,1,0,2,1,2,1,1,0,2,2,1,1,0,0,2,2,1,1,2,2,0,2,0,2,2,1,2,2,1,2,2,1,1,2,0,0,0,1,0,0,0,1,0,0,0,2,2,1,2,1,0,2,0,2,1,2,2,0
I28,1,1,2,1,0,0,2,0,0,0,0,1,2,2,1,1,0,2,2,1,2,0,0,1,2,0,2,0,2,1,2,0,2,0,2,0,1,1,1,1,1,2,0,0,0,1,0,0,1,1,0,1,0,2,1,2,0,1,0,0,1,0,0,2,2,1,2,2,1,0,1,2,0,1,0,1,1,2,0,1,0,1,2,0,0,1,1,0,2,0,1,0,2,0,2,0,0,1,0,2,0,1,0,0,0,2,0,2,0,0,0,2,1,0,1,1,0,0,1,1,0,2,1,1,1,0,1,0,2,2,1,0,1,1,0,2,0,2,2,1,1,0,1,0,2,1,0,1,1,2,2,2,0,0,0,0,2,2,1,1,2,2,0,1,2,2,2,1,0,0,0,2,0,1,2,2,0,0,2,1,0,0,0,1,0,0,0,0,2,1,2,1,0,0,0,0,1,0,0,1
I29,1,1,2,1,0,0,2,0,0,1,0,1,2,2,1,1,0,2,2,1,2,0,0,1,2,0,2,0,2,1,2,0,2,0,2,0,1,1,1,1,1,2,0,0,0,1,0,0,1,1,0,1,1,2,1,2,0,1,1,1,1,0,0,2,2,1,2,2,1,2,1,2,0,1,0,1,1,2,0,1,1,1,2,0,0,1,1,0,2,0,1,2,2,0,2,0,1,1,0,2,0,1,0,0,1,2,2,2,0,0,0,2,1,0,1,1,0,0,1,1,0,2,1,1,1,0,1,1,2,2,1,1,1,1,2,2,0,2,2,1,1,0,1,0,2,1,0,1,1,2,2,2,0,0,0,0,2,2,1,1,2,2,2,1,2,2,2,1,0,0,0,2,0,1,2,2,0,0,2,1,0,1,0,1,0,0,0,1,2,1,2,1,0,2,0,0,1,1,0,1
216_24,1,1,2,1,0,0,2,0,0,1,0,1,2,2,1,1,0,2,2,1,2,0,0,1,2,0,2,0,2,1,2,0,2,0,2,0,1,1,1,1,1,2,0,0,0,1,0,0,1,1,0,1,1,2,1,2,0,1,1,1,1,0,0,2,2,1,2,2,1,2,1,2,0,1,0,1,1,2,0,1,1,1,2,0,0,1,1,2,2,0,1,2,2,0,2,0,1,1,0,2,0,1,0,0,1,2,2,2,0,0,0,2,1,0,1,1,0,0,1,1,0,2,1,1,1,0,1,1,2,2,1,1,1,1,2,2,0,2,2,1,1,0,1,0,2,1,1,1,1,2,2,2,0,1,0,0,2,2,1,1,2,2,2,1,2,2,2,1,0,2,0,2,0,1,2,2,0,0,2,1,0,1,1,1,0,0,0,1,2,1,2,1,0,2,0,0,1,1,2,1
216_23,1,1,2,1,0,0,2,2,0,1,0,1,2,2,1,1,0,2,2,1,2,1,2,1,2,0,2,0,2,1,2,0,2,0,2,0,1,1,1,1,1,2,0,0,0,1,0,0,1,1,1,1,1,2,1,2,0,1,1,1,1,0,0,2,2,1,2,2,1,2,1,2,0,1,0,1,1,2,0,1,1,1,2,0,0,1,1,0,2,0,1,2,2,0,2,0,1,1,0,2,0,1,0,0,1,2,2,2,0,0,2,2,1,0,1,1,0,0,1,1,0,2,1,1,1,0,1,1,2,2,1,1,1,1,2,2,0,2,2,1,1,0,1,0,2,1,0,1,1,2,2,2,0,1,0,0,2,2,1,1,2,2,2,1,2,2,2,1,0,0,0,2,0,1,2,2,0,0,2,1,0,1,0,1,0,0,1,1,2,1,2,1,0,2,0,0,1,1,0,1
I30,1,1,2,1,0,2,2,0,0,0,0,1,2,2,1,1,0,2,2,1,2,0,0,1,2,2,2,0,2,1,2,0,2,0,2,0,1,1,1,1,1,2,0,0,0,1,0,1,1,1,0,1,0,2,1,2,0,1,0,1,1,0,2,2,2,1,2,2,1,2,1,2,1,1,0,1,1,2,0,1,2,1,2,0,0,1,1,0,2,1,1,0,2,0,2,0,0,1,0,2,0,1,0,0,2,2,1,2,0,0,0,2,1,0,1,1,0,0,1,1,0,2,1,1,1,0,1,0,2,2,1,0,1,1,0,2,0,2,2,1,1,1,1,0,2,1,0,1,1,2,2,2,0,0,0,0,2,2,1,1,2,2,0,1,2,2,2,1,1,0,0,2,0,1,2,2,0,0,2,1,0,0,0,1,0,0,2,0,2,1,2,1,0,0,0,0,1,0,0,1
216_22,1,1,2,1,0,2,2,0,0,0,0,1,2,2,1,1,0,2,2,1,2,0,0,1,2,2,2,0,2,1,2,0,2,0,2,0,1,1,1,1,1,2,0,0,0,1,0,1,1,1,0,1,2,2,1,2,0,1,1,1,1,0,2,2,2,1,2,2,1,2,1,2,1,1,0,1,1,2,0,1,2,1,2,0,0,1,1,0,2,1,1,0,2,0,2,0,0,1,0,2,1,1,0,0,2,2,1,2,0,0,0,2,1,0,1,1,0,0,1,1,0,2,1,1,1,0,1,0,2,2,1,0,1,1,0,2,0,2,2,1,1,1,1,0,2,1,2,1,1,2,2,2,0,1,0,0,2,2,1,1,2,2,0,1,2,2,2,1,1,0,0,2,1,1,2,2,0,0,2,1,0,0,0,1,0,0,2,2,2,1,2,1,0,2,1,0,1,0,0,1
216_21,1,1,2,1,0,2,2,1,0,0,0,1,2,2,1,1,0,2,2,1,2,0,0,1,2,2,2,0,2,1,2,1,2,0,2,2,1,1,1,1,1,2,0,1,0,1,0,1,1,1,0,1,0,2,1,2,0,1,2,1,1,0,2,2,2,1,2,2,1,2,1,2,1,1,0,1,1,2,0,1,2,1,2,0,0,1,1,0,2,1,1,0,2,1,2,0,0,1,0,2,0,1,1,0,2,2,1,2,0,0,0,2,1,1,1,1,0,0,1,1,0,2,1,1,1,2,1,0,2,2,1,0,1,1,0,2,0,2,2,1,1,1,1,0,2,1,2,1,1,2,2,2,0,0,0,0,2,2,1,1,2,2,0,1,2,2,2,1,1,0,0,2,0,1,2,2,0,0,2,1,0,2,0,1,0,0,2,0,2,1,2,1,0,0,0,0,1,0,0,1
I31,1,1,2,1,0,0,2,0,1,0,0,1,2,0,0,1,0,0,2,1,0,0,1,1,0,0,0,0,0,0,0,0,2,1,2,0,1,1,1,1,1,2,0,0,0,1,0,1,1,1,0,1,0,0,2,2,2,1,0,0,1,0,0,0,2,2,2,2,0,2,1,2,0,1,0,1,1,0,0,1,0,0,2,0,0,1,0,0,0,1,1,0,0,0,2,0,1,0,0,0,0,0,0,2,0,0,0,2,0,0,0,0,1,0,1,1,0,0,1,0,2,0,1,1,0,0,1,0,0,0,0,0,0,1,0,0,2,2,2,1,1,0,1,0,0,1,2,1,1,1,0,2,0,1,0,0,2,0,1,1,0,0,0,0,0,0,2,0,0,2,0,2,0,0,0,0,0,0,2,0,0,0,0,1,0,0,0,1,2,0,2,1,0,0,2,0,1,0,0,0
I32,1,1,2,1,0,0,2,0,1,0,0,1,2,1,0,1,1,0,2,1,0,0,1,1,0,0,0,0,0,2,0,0,2,1,2,0,1,1,1,1,1,2,0,0,0,1,0,1,1,1,0,1,0,2,2,2,2,1,0,1,1,0,0,0,2,2,2,2,0,2,1,2,0,1,0,1,1,0,0,1,1,1,2,0,0,1,0,1,2,1,1,0,2,0,2,0,1,0,0,1,1,0,0,2,1,0,0,2,1,1,0,2,1,0,1,1,2,0,1,0,2,0,1,1,0,0,1,2,0,0,0,0,0,1,0,0,2,2,2,1,1,0,1,0,0,1,2,1,1,1,0,2,0,1,0,0,2,0,1,1,1,0,0,0,1,1,2,0,0,2,0,2,0,0,0,1,2,0,2,2,0,1,2,1,2,0,1,1,2,0,2,1,0,0,2,0,1,2,0,0
I33,1,1,2,1,0,0,2,1,1,1,0,1,2,1,0,1,1,2,2,1,0,0,1,1,2,0,0,0,0,2,0,0,2,1,2,0,1,1,1,1,1,2,0,0,2,1,0,1,1,1,2,1,2,2,2,2,2,1,1,1,1,0,0,2,2,2,2,2,0,2,1,2,0,1,0,1,1,0,0,1,1,1,2,0,0,1,0,1,2,1,1,0,2,1,2,1,1,0,0,1,1,2,0,2,1,0,0,2,1,1,0,2,1,0,1,1,2,0,1,1,2,0,1,1,0,0,1,2,0,2,0,0,0,1,1,0,2,2,2,1,1,1,1,0,2,1,2,1,1,1,0,2,0,1,0,0,2,0,1,1,1,2,0,0,1,1,2,0,0,2,0,2,1,0,0,1,2,1,2,2,0,1,2,1,2,0,1,1,2,0,2,1,0,0,2,2,1,2,0,1
216_32,1,1,2,1,0,0,2,1,1,1,0,1,2,1,0,1,1,2,2,1,0,0,1,1,2,0,0,2,0,2,0,0,2,1,2,0,1,1,1,1,1,2,0,1,2,1,0,1,1,1,2,1,2,2,2,2,2,1,1,1,1,0,1,2,2,2,2,2,0,2,1,2,0,1,0,1,1,0,0,1,1,1,2,0,0,1,0,1,2,1,1,0,2,1,2,1,1,0,0,1,1,2,0,2,1,0,0,2,1,1,1,2,1,0,1,1,2,0,1,1,2,0,1,1,0,0,1,2,0,2,0,1,0,1,1,0,2,2,2,1,1,1,1,1,2,1,2,1,1,1,0,2,0,1,0,0,2,0,1,1,1,2,0,0,1,1,2,0,0,2,0,2,1,0,0,1,2,1,2,2,0,1,2,1,2,0,1,1,2,0,2,1,1,0,2,2,1,2,0,1
216_31,1,1,2,1,0,0,2,1,1,1,0,1,2,1,0,1,1,2,2,1,0,0,1,1,2,0,0,0,0,2,0,0,2,1,2,0,1,1,1,1,1,2,0,0,2,1,0,1,1,1,2,1,2,2,2,2,2,1,1,1,1,0,0,2,2,2,2,2,0,2,1,2,0,1,2,1,1,1,0,1,1,1,2,0,0,1,0,1,2,1,1,0,2,1,2,1,1,0,0,1,1,2,0,2,1,0,0,2,1,1,0,2,1,0,1,1,2,0,1,1,2,0,1,1,0,0,1,2,0,2,0,0,0,1,1,0,2,2,2,1,1,1,1,0,2,1,2,1,1,1,0,2,0,1,0,0,2,0,1,1,1,2,2,0,1,1,2,0,1,2,0,2,1,0,0,1,2,1,2,2,0,1,2,1,2,0,1,1,2,0,2,1,0,2,2,2,1,2,0,1
I34,1,1,2,1,0,0,2,1,1,0,2,1,2,1,0,1,1,0,2,1,0,2,1,1,0,1,0,0,0,2,0,0,2,1,2,0,1,1,1,1,1,2,0,0,0,1,1,1,1,1,0,1,1,2,2,2,2,1,1,1,1,2,1,0,2,2,2,2,0,2,1,2,0,1,0,1,1,0,0,1,1,1,2,1,1,1,0,1,2,1,1,0,2,0,2,0,1,0,0,1,1,0,0,2,1,0,0,2,1,1,0,2,1,0,1,1,2,0,1,0,2,0,1,1,2,0,1,2,0,2,0,2,0,1,1,0,2,2,2,1,1,0,1,1,0,1,2,1,1,1,0,2,0,1,2,0,2,0,1,1,1,2,0,0,1,1,2,2,0,2,0,2,2,0,0,1,2,0,2,2,0,1,2,1,2,1,1,1,2,0,2,1,0,0,2,0,1,2,0,2
216_30,1,1,2,1,0,0,2,1,1,0,2,1,2,1,0,1,1,0,2,1,0,2,1,1,0,1,1,0,0,2,0,0,2,1,2,0,1,1,1,1,1,2,0,0,0,1,1,1,1,1,0,1,1,2,2,2,2,1,1,1,1,2,1,0,2,2,2,2,0,2,1,2,0,1,2,1,1,1,0,1,1,1,2,1,1,1,0,1,2,1,1,0,2,2,2,0,1,0,0,1,1,0,2,2,1,0,0,2,1,1,0,2,1,1,1,1,2,1,1,0,2,0,1,1,2,0,1,2,0,2,0,2,2,1,1,0,2,2,2,1,1,2,1,1,0,1,2,1,1,1,0,2,0,1,2,1,2,0,1,1,1,2,0,0,1,1,2,2,0,2,2,2,2,0,0,1,2,0,2,2,0,1,2,1,2,1,1,1,2,0,2,1,0,0,2,0,1,2,0,2
216_29,1,1,2,1,0,2,2,1,1,0,2,1,2,1,0,1,1,0,2,1,2,2,1,1,0,1,0,1,0,2,0,0,2,1,2,0,1,1,1,1,1,2,0,0,0,1,1,1,1,1,0,1,1,2,2,2,2,1,1,1,1,2,1,0,2,2,2,2,0,2,1,2,0,1,0,1,1,0,0,1,1,1,2,1,1,1,0,1,2,1,1,0,2,2,2,0,1,0,0,1,1,0,0,2,1,0,0,2,1,1,0,2,1,2,1,1,2,0,1,0,2,0,1,1,2,0,1,2,0,2,0,2,0,1,1,0,2,2,2,1,1,0,1,1,0,1,2,1,1,1,0,2,0,1,2,0,2,0,1,1,1,2,0,0,1,1,2,2,1,2,0,2,2,0,0,1,2,0,2,2,0,1,2,1,2,1,1,1,2,0,2,1,0,0,2,0,1,2,0,2
I35,1,1,2,1,0,0,2,0,1,0,0,1,2,0,0,1,0,0,2,1,0,0,1,1,0,0,0,0,0,0,0,1,2,1,2,1,1,1,1,1,1,2,0,0,0,1,0,1,1,1,0,1,1,0,2,2,2,1,0,0,1,0,0,0,2,2,2,2,0,2,1,2,2,1,0,1,1,0,0,1,0,2,2,2,1,1,0,0,2,1,1,0,2,0,2,1,1,0,0,0,0,0,0,2,0,0,0,2,0,0,1,0,1,0,1,1,0,0,1,2,2,2,1,1,0,0,1,0,2,0,2,0,0,1,0,0,2,2,2,1,1,0,1,0,0,1,2,1,1,1,0,2,2,1,0,0,2,0,1,1,0,0,0,0,2,0,2,0,2,2,0,2,0,0,0,0,0,0,2,0,1,0,0,1,0,1,0,1,2,0,2,1,0,0,2,0,1,0,0,2
I36,1,1,2,1,0,0,2,0,1,0,0,1,2,0,0,1,0,0,2,1,0,0,1,1,0,0,0,0,0,0,0,1,2,1,2,1,1,1,1,1,1,2,1,0,0,1,0,1,1,1,0,1,1,0,2,2,2,1,0,0,1,0,0,0,2,2,2,2,0,2,1,2,2,1,0,1,1,0,0,1,1,2,2,2,1,1,0,0,2,1,1,0,2,0,2,1,1,1,0,1,0,0,0,2,0,0,0,2,0,0,1,0,1,0,1,1,0,1,1,2,2,2,1,1,0,0,1,0,2,1,2,0,0,1,0,0,2,2,2,1,1,0,1,0,0,1,2,1,1,1,2,2,2,1,0,0,2,2,1,1,0,0,0,0,2,0,2,0,2,2,0,2,0,0,2,0,0,2,2,0,1,0,0,1,0,1,2,1,2,0,2,1,0,0,2,0,1,0,0,2
216_28,1,1,2,1,0,0,2,2,1,2,0,1,2,2,0,1,0,0,2,1,0,0,1,1,0,0,0,0,2,0,1,1,2,1,2,1,1,1,1,1,1,2,1,0,1,1,0,1,1,1,0,1,1,0,2,2,2,1,0,0,1,1,0,0,2,2,2,2,0,2,1,2,2,1,0,1,1,0,0,1,1,2,2,2,1,1,0,2,2,1,1,0,2,2,2,1,1,1,0,1,0,0,0,2,0,0,0,2,0,0,1,0,1,0,1,1,0,1,1,2,2,2,1,1,1,0,1,0,2,1,2,0,0,1,1,0,2,2,2,1,1,0,1,0,0,1,2,1,1,1,2,2,2,1,0,0,2,2,1,1,0,0,0,0,2,0,2,0,2,2,2,2,0,0,2,0,0,2,2,0,1,0,0,1,0,1,2,1,2,0,2,1,0,0,2,0,1,0,0,2
216_27,1,1,2,1,0,0,2,0,1,0,0,1,2,0,0,1,0,0,2,1,0,0,1,1,0,0,1,0,0,0,0,1,2,1,2,1,1,1,1,1,1,2,1,0,0,1,0,1,1,1,0,1,1,1,2,2,2,1,0,0,1,0,0,0,2,2,2,2,0,2,1,2,2,1,0,1,1,0,0,1,1,2,2,2,1,1,0,0,2,1,1,0,2,2,2,1,1,1,0,1,0,0,0,2,0,0,2,2,0,0,1,0,1,0,1,1,0,1,1,2,2,2,1,1,0,0,1,0,2,1,2,0,0,1,0,0,2,2,2,1,1,0,1,0,0,1,2,1,1,1,2,2,2,1,0,0,2,2,1,1,0,0,2,0,2,0,2,2,2,2,0,2,0,0,2,0,0,2,2,0,1,0,1,1,1,1,2,1,2,0,2,1,0,0,2,1,1,2,0,2
I37,1,1,2,1,2,1,2,0,1,0,1,1,2,0,0,1,1,0,2,1,0,0,1,1,0,0,0,0,1,0,0,1,2,1,2,1,1,1,1,1,1,2,2,0,0,1,0,1,1,1,0,1,1,2,2,2,2,1,2,0,1,0,0,0,2,2,2,2,0,2,1,2,2,1,0,1,1,0,0,1,0,2,2,2,1,1,1,0,2,1,1,2,2,0,2,1,1,2,0,1,0,0,2,2,0,0,0,2,0,0,1,0,1,0,1,1,0,0,1,2,2,2,1,1,2,2,1,1,2,0,2,0,0,1,0,0,2,2,2,1,1,1,1,0,1,1,2,1,1,1,0,2,2,1,0,0,2,0,1,1,0,0,0,1,2,0,2,0,2,2,0,2,0,0,1,0,0,0,2,0,1,0,0,1,0,1,0,1,2,1,2,1,0,0,2,0,1,0,0,2
216_26,1,1,2,1,2,1,2,2,1,2,1,1,2,0,0,1,1,0,2,1,0,0,1,1,1,0,0,1,1,2,0,1,2,1,2,1,1,1,1,1,1,2,2,0,0,1,1,1,1,1,0,1,1,2,2,2,2,1,2,0,1,0,0,0,2,2,2,2,0,2,1,2,2,1,0,1,1,0,0,1,1,2,2,2,1,1,1,0,2,1,1,2,2,0,2,1,1,2,0,1,0,0,2,2,0,0,0,2,0,0,1,0,1,0,1,1,0,2,1,2,2,2,1,1,2,2,1,1,2,1,2,1,0,1,1,0,2,2,2,1,1,1,1,0,1,1,2,1,1,1,0,2,2,1,1,0,2,0,1,1,0,0,0,1,2,0,2,1,2,2,0,2,0,0,1,0,0,0,2,0,1,0,0,1,0,1,1,1,2,1,2,1,0,0,2,0,1,0,0,2
216_25,1,1,2,1,2,1,2,0,1,0,1,1,2,0,0,1,1,0,2,1,0,0,1,1,0,0,0,0,1,0,0,1,2,1,2,1,1,1,1,1,1,2,2,0,0,1,0,1,1,1,0,1,1,2,2,2,2,1,2,0,1,2,0,0,2,2,2,2,0,2,1,2,2,1,0,1,1,2,0,1,1,2,2,2,1,1,1,0,2,1,1,2,2,0,2,1,1,2,0,1,0,0,2,2,0,0,0,2,0,0,1,0,1,0,1,1,0,0,1,2,2,2,1,1,2,2,1,1,2,0,2,0,1,1,0,0,2,2,2,1,1,1,1,0,1,1,2,1,1,1,0,2,2,1,0,0,2,0,1,1,0,0,0,1,2,0,2,0,2,2,0,2,0,1,1,0,0,0,2,1,1,2,0,1,0,1,2,1,2,1,2,1,0,0,2,0,1,0,0,2
Evolve tree: [&R] ((((((216_25:24,216_26:24)I37:34,(216_27:20,216_28:20)I36:38)I35:42,((216_29:19,216_30:19)I34:34,(216_31:17,216_32:17)I33:36)I32:47)I31:49,(((216_21:28,216_22:28)I30:33,(216_23:25,216_24:25)I29:36)I28:38,((216_17:25,216_18:25)I27:35,(216_19:25,216_20:25)I26:35)I25:39)I24:50)I23:44,(((216_45:19,216_46:19)I22:34,(216_43:18,216_44:18)I21:35)I20:89,((216_35:11,216_36:11)I19:35,(216_33:5,216_34:5)I18:41)I17:96)I16:51)I15:22,((((216_13:36,216_14:36)I14:49,(216_15:31,216_16:31)I13:54)I12:56,((216_9:25,216_10:25)I11:51,216_12:76)I10:65)I9:48,(((216_1:42,216_2:42)I8:48,(216_3:39,216_4:39)I7:51)I6:50,((216_7:31,216_8:31)I5:55,(216_5:29,216_6:29)I4:57)I3:54)I2:49)I1:26)I0;