cell,r0,r1,r2,r3,r4,r5,r6,r7,r8,r9,r10,r11,r12,r13,r14,r15,r16,r17,r18,r19,r20,r21,r22,r23,r24,r25,r26,r27,r28,r29,r30,r31,r32,r33,r34,r35,r36,r37,r38,r39,r40,r41,r42,r43,r44,r45,r46,r47,r48,r49,r50,r51,r52,r53,r54,r55,r56,r57,r58,r59,r60,r61,r62,r63,r64,r65,r66,r67,r68,r69,r70,r71,r72,r73,r74,r75,r76,r77,r78,r79,r80,r81,r82,r83,r84,r85,r86,r87,r88,r89,r90,r91,r92,r93,r94,r95,r96,r97,r98,r99,r100,r101,r102,r103,r104,r105,r106,r107,r108,r109,r110,r111,r112,r113,r114,r115,r116,r117,r118,r119,r120,r121,r122,r123,r124,r125,r126,r127,r128,r129,r130,r131,r132,r133,r134,r135,r136,r137,r138,r139,r140,r141,r142,r143,r144,r145,r146,r147,r148,r149,r150,r151,r152,r153,r154,r155,r156,r157,r158,r159,r160,r161,r162,r163,r164,r165,r166,r167,r168,r169,r170,r171,r172,r173,r174,r175,r176,r177,r178,r179,r180,r181,r182,r183,r184,r185,r186,r187,r188,r189,r190,r191,r192,r193,r194,r195,r196,r197,r198,r199
I0,0,0,0,0,0,0,0,0,0,0,0,0,0,0,0,0,0,0,0,0,0,0,0,0,0,0,0,0,0,0,0,0,0,0,0,0,0,0,0,0,0,0,0,0,0,0,0,0,0,0,0,0,0,0,0,0,0,0,0,0,0,0,0,0,0,0,0,0,0,0,0,0,0,0,0,0,0,0,0,0,0,0,0,0,0,0,0,0,0,0,0,0,0,0,0,0,0,0,0,0,0,0,0,0,0,0,0,0,0,0,0,0,0,0,0,0,0,0,0,0,0,0,0,0,0,0,0,0,0,0,0,0,0,0,0,0,0,0,0,0,0,0,0,0,0,0,0,0,0,0,0,0,0,0,0,0,0,0,0,0,0,0,0,0,0,0,0,0,0,0,0,0,0,0,0,0,0,0,0,0,0,0,0,0,0,0,0,0,0,0,0,0,0,0,0,0,0,0,0,0
I1,2,2,0,0,0,0,0,2,0,0,0,2,0,0,2,2,0,0,2,2,0,0,0,0,0,2,0,0,0,0,0,1,0,2,0,0,1,0,0,0,0,2,0,0,0,0,0,0,0,0,0,0,0,0,0,0,0,0,0,1,2,2,0,0,1,0,0,0,1,1,2,2,0,0,2,0,0,0,0,1,0,1,0,0,2,2,1,0,0,0,0,0,1,2,0,0,0,0,1,2,0,0,0,0,2,0,0,0,0,0,0,0,0,1,0,0,0,1,1,0,0,1,0,2,2,0,1,0,2,0,1,0,0,1,0,0,0,0,0,0,0,0,1,0,0,0,0,0,2,0,1,0,1,1,0,0,0,0,0,0,2,1,0,2,2,0,0,0,0,2,0,0,2,1,0,0,2,0,2,0,0,0,0,0,1,1,0,1,2,1,0,0,1,0,2,2,0,0,1,0
I2,2,2,0,0,0,1,0,2,1,0,1,2,0,2,2,2,0,0,2,2,0,2,0,2,0,2,0,0,0,0,1,1,0,2,2,2,1,2,1,0,0,2,0,0,1,0,2,0,0,0,0,0,0,0,0,0,2,0,2,1,2,2,0,0,1,0,0,1,1,1,2,2,0,2,2,0,0,0,0,1,1,1,1,0,2,2,1,2,0,0,1,0,1,2,0,0,0,2,1,2,0,0,0,1,2,0,0,0,0,2,0,0,0,1,0,0,0,1,1,1,2,1,0,2,2,2,1,0,2,0,1,1,2,1,1,0,0,0,0,1,0,0,1,0,1,0,0,0,2,0,1,0,1,1,0,2,0,1,0,0,2,1,1,2,2,0,1,0,0,2,1,0,2,1,0,2,2,0,2,0,0,2,0,1,1,1,0,1,2,1,2,0,1,0,2,2,0,0,1,0
I3,2,2,2,1,0,1,0,2,1,1,1,2,0,2,2,2,0,0,2,2,0,2,0,2,2,2,0,0,0,0,1,1,0,2,2,2,1,2,1,0,0,2,1,2,1,1,2,0,0,2,0,0,0,0,0,0,2,1,2,1,2,2,0,1,1,2,0,1,1,1,2,2,0,2,2,0,2,0,2,1,1,1,1,1,2,2,1,2,2,1,1,1,1,2,2,2,0,2,1,2,0,2,2,1,2,0,0,2,0,2,0,0,0,1,0,0,2,1,1,1,2,1,2,2,2,2,1,0,2,0,1,1,2,1,1,2,0,0,2,1,0,0,1,0,1,0,2,0,2,1,1,0,1,1,2,2,1,1,1,1,2,1,1,2,2,0,1,0,2,2,1,1,2,1,0,2,2,0,2,0,0,2,0,1,1,1,0,1,2,1,2,0,1,0,2,2,1,2,1,0
216_7,2,2,2,1,0,1,0,2,1,1,1,2,0,2,2,2,0,0,2,2,0,2,0,2,2,2,0,0,0,0,1,1,0,2,2,2,1,2,1,0,0,2,1,2,1,1,2,0,0,2,0,0,0,0,0,0,2,1,2,1,2,2,0,1,1,2,0,1,1,1,2,2,0,2,2,0,2,0,2,1,1,1,1,1,2,2,1,2,2,1,1,1,1,2,2,2,0,2,1,2,0,2,2,1,2,0,0,2,0,2,0,0,0,1,0,0,2,1,1,1,2,1,2,2,2,2,1,0,2,0,1,1,2,1,1,2,0,0,2,1,0,0,1,0,1,0,2,0,2,1,1,0,1,1,2,2,1,1,1,1,2,1,1,2,2,0,1,0,2,2,1,1,2,1,0,2,2,0,2,0,0,2,0,1,1,1,0,1,2,1,2,1,1,0,2,2,1,2,1,0
216_6,2,2,2,1,0,1,0,2,1,1,1,2,0,2,2,2,0,0,2,2,0,2,0,2,2,2,0,0,0,0,1,1,0,2,2,2,1,2,1,2,0,2,1,2,1,1,2,0,0,2,0,0,0,0,0,0,2,1,2,1,2,2,0,1,1,2,0,1,1,1,2,2,0,2,2,0,2,0,2,1,1,1,1,1,2,2,1,2,2,1,1,1,1,2,2,2,0,2,1,2,0,2,2,1,2,0,0,2,0,2,0,0,0,1,0,0,2,1,1,1,2,1,2,2,2,2,1,0,2,0,1,1,2,1,1,2,0,0,2,1,0,0,1,0,1,0,2,0,2,1,1,0,1,1,2,2,1,1,1,1,2,1,1,2,2,0,1,0,2,2,1,1,2,1,0,2,2,0,2,0,0,2,0,1,1,1,0,1,2,1,2,0,1,0,2,2,1,2,1,0
I4,2,2,0,0,1,1,1,2,1,0,1,2,0,2,2,2,0,2,2,2,0,2,1,2,0,2,2,0,2,0,1,1,1,2,2,2,1,2,1,1,0,2,2,0,1,1,2,0,0,0,0,0,0,2,1,0,2,0,2,1,2,2,0,0,1,2,0,1,1,1,2,2,0,2,2,0,0,0,1,1,1,1,1,0,2,2,1,2,0,0,1,0,1,2,0,0,0,2,1,2,0,0,0,1,2,0,0,0,1,2,0,1,0,1,0,0,2,1,1,1,2,1,0,2,2,2,1,0,2,0,1,1,2,1,1,0,1,0,0,1,0,0,1,0,1,0,2,0,2,0,1,2,1,1,0,2,0,1,0,0,2,1,1,2,2,1,1,0,2,2,1,1,2,1,1,2,2,0,2,0,0,2,0,1,1,1,1,1,2,1,2,2,1,0,2,2,0,0,1,0
216_3,2,2,0,0,1,1,1,2,1,0,1,2,2,2,2,2,2,2,2,2,0,2,1,2,0,2,2,0,2,0,1,1,1,2,2,2,1,2,1,1,2,2,2,0,1,1,2,2,2,0,0,0,0,2,1,0,2,2,2,1,2,2,0,0,1,2,2,1,1,1,2,2,0,2,2,0,2,0,1,1,1,1,1,1,2,2,1,2,0,2,1,0,1,2,0,0,0,2,1,2,0,0,0,1,2,0,0,0,1,2,0,1,0,1,0,0,2,1,1,1,2,1,0,2,2,2,1,0,2,0,1,1,2,1,1,1,1,0,0,1,1,0,1,0,1,0,2,1,2,0,1,2,1,1,0,2,0,1,1,0,2,1,1,2,2,1,1,0,2,2,1,1,2,1,1,2,2,0,2,0,0,2,0,1,1,1,1,1,2,1,2,2,1,0,2,2,0,2,1,0
216_1,2,2,0,0,1,1,1,2,1,0,1,2,0,2,2,2,2,2,2,2,0,2,1,2,2,2,2,0,2,0,1,1,1,2,2,2,1,2,1,1,0,2,2,0,1,1,2,0,2,0,1,0,0,2,1,0,2,0,2,1,2,2,0,0,1,2,0,1,1,1,2,2,0,2,2,0,1,0,1,1,1,1,1,0,2,2,1,2,0,0,1,0,1,2,1,0,1,2,1,2,1,0,0,1,2,1,2,0,1,2,1,1,0,1,1,0,2,1,1,1,2,1,0,2,2,2,1,0,2,0,1,1,2,1,1,0,1,0,2,1,0,0,1,0,1,1,2,2,2,0,1,2,1,1,0,2,1,1,1,0,2,1,1,2,2,1,1,0,2,2,1,1,2,1,1,2,2,1,2,0,2,2,2,1,1,1,1,1,2,1,2,2,1,0,2,2,0,0,1,0
I5,2,2,2,0,0,1,0,2,0,0,0,2,2,1,2,2,0,0,2,2,2,2,0,1,2,2,0,0,0,0,0,1,0,2,0,0,1,2,0,0,0,2,0,2,2,0,0,2,0,0,2,2,0,0,0,0,0,0,0,1,2,2,1,1,1,0,0,0,1,1,2,2,2,1,2,2,0,0,0,1,0,1,1,0,2,2,1,0,0,0,0,2,1,2,0,2,1,1,1,2,0,2,2,0,2,0,1,0,0,0,1,0,0,1,0,0,0,1,1,1,0,1,0,2,2,0,1,0,2,0,1,0,2,1,0,0,1,2,0,2,0,0,1,0,2,0,2,0,2,0,1,1,1,1,0,1,0,0,0,0,2,1,0,2,2,0,0,0,2,2,1,0,2,1,0,0,2,0,2,0,2,0,0,0,1,1,0,1,2,1,0,0,1,0,2,2,1,0,1,0
I6,2,2,2,0,0,1,0,2,0,0,1,2,2,1,2,2,0,0,2,2,2,2,0,1,2,2,0,0,0,0,0,1,0,2,0,0,1,2,1,0,0,2,1,2,2,0,0,2,0,0,2,2,0,1,0,0,0,0,0,1,2,2,1,1,1,0,0,2,1,1,2,2,2,1,2,2,1,2,0,1,1,1,1,1,2,2,1,2,0,0,2,2,1,2,0,2,1,1,1,2,0,2,2,0,2,0,1,1,2,0,1,0,0,1,1,0,1,1,1,1,0,1,0,2,2,2,1,0,2,2,1,1,2,1,0,0,1,2,0,2,0,0,1,0,2,0,2,0,2,0,1,1,1,1,0,1,0,0,0,0,2,1,0,2,2,0,0,0,2,2,1,0,2,1,0,0,2,0,2,0,2,0,0,0,1,1,0,1,2,1,0,2,1,0,2,2,1,1,1,0
216_10,2,2,2,0,2,1,0,2,0,0,1,2,2,1,2,2,1,0,2,2,2,2,0,1,2,2,0,1,0,0,1,1,0,2,0,0,1,2,1,2,0,2,1,2,2,0,0,2,0,0,2,2,2,1,0,0,0,2,0,1,2,2,1,1,1,0,1,2,1,1,2,2,2,1,2,2,1,2,2,1,1,1,1,1,2,2,1,2,0,0,2,2,1,2,0,2,1,1,1,2,0,2,2,0,2,2,1,1,2,2,1,1,0,1,1,0,1,1,1,1,2,1,2,2,2,2,1,0,2,2,1,1,2,1,0,0,1,2,0,2,0,0,1,0,2,2,2,0,2,0,1,1,1,1,1,1,1,0,0,0,2,1,1,2,2,1,0,0,2,2,1,0,2,1,0,0,2,0,2,2,2,0,1,0,1,1,0,1,2,1,0,2,1,0,2,2,1,1,1,0
I7,2,2,2,0,0,1,0,2,1,0,1,2,2,1,2,2,2,0,2,2,2,2,2,1,2,2,2,0,0,0,0,1,0,2,2,0,1,2,1,2,0,2,1,2,2,0,0,2,0,0,2,2,0,1,1,2,0,0,0,1,2,2,1,1,1,0,2,2,1,1,2,2,2,1,2,2,1,2,0,1,1,1,1,1,2,2,1,2,1,0,2,2,1,2,1,2,1,1,1,2,0,2,2,0,2,0,1,1,2,0,1,0,0,1,1,0,1,1,1,1,2,1,0,2,2,2,1,1,2,2,1,1,2,1,0,0,1,2,0,2,0,0,1,0,2,1,2,0,2,0,1,1,1,1,2,1,0,0,0,0,2,1,1,2,2,0,0,2,2,2,1,0,2,1,0,1,2,0,2,0,2,1,0,1,1,1,0,1,2,1,0,2,1,0,2,2,1,1,1,0
216_9,2,2,2,0,0,1,0,2,1,0,1,2,2,1,2,2,2,0,2,2,2,2,2,1,2,2,2,0,0,0,0,1,0,2,2,0,1,2,1,2,0,2,1,2,2,0,0,2,0,0,2,2,0,1,1,2,0,0,0,1,2,2,1,1,1,0,2,2,1,1,2,2,2,1,2,2,1,2,0,1,1,1,1,1,2,2,1,2,1,0,2,2,1,2,1,2,1,1,1,2,0,2,2,0,2,0,1,1,2,2,1,0,0,1,1,0,1,1,1,1,2,1,0,2,2,2,1,1,2,2,1,1,2,1,0,0,1,2,0,2,0,0,1,0,2,1,2,0,2,1,1,1,1,1,2,1,0,0,0,0,2,1,1,2,2,0,0,2,2,2,1,0,2,1,2,1,2,0,2,0,2,1,0,1,1,1,0,1,2,1,0,2,1,0,2,2,1,1,1,0
216_8,2,2,2,0,0,1,0,2,1,0,1,2,2,1,2,2,2,0,2,2,2,2,2,1,2,2,2,0,0,0,0,1,0,2,2,0,1,2,1,2,0,2,1,2,2,0,0,2,0,0,2,2,0,1,1,2,0,0,0,1,2,2,1,1,1,0,2,2,1,1,2,2,2,1,2,2,1,2,0,1,1,1,1,1,2,2,1,2,1,0,2,2,1,2,1,2,1,1,1,2,0,2,2,0,2,0,1,1,2,0,1,0,0,1,1,0,1,1,1,1,2,1,0,2,2,2,1,1,2,2,1,1,2,1,0,0,1,2,0,2,0,0,1,0,2,1,2,0,2,0,1,1,1,1,2,1,0,0,0,1,2,1,1,2,2,0,0,2,2,2,1,0,2,1,1,1,2,0,2,0,2,1,0,1,1,1,0,1,2,1,0,2,1,0,2,2,1,1,1,0
I8,2,2,2,1,0,1,0,2,0,0,0,2,2,1,2,2,2,0,2,2,2,2,1,1,2,2,0,0,0,1,0,1,0,2,0,0,1,2,2,0,0,2,2,2,2,0,0,2,0,0,2,2,0,1,0,0,2,0,0,1,2,2,1,1,1,0,0,0,1,1,2,2,2,1,2,2,0,0,0,1,0,1,1,0,2,2,1,0,1,2,0,2,1,2,0,2,1,1,1,2,0,2,2,0,2,0,1,0,1,2,1,0,0,1,0,0,0,1,1,1,0,1,2,2,2,2,1,0,2,1,1,2,2,1,2,1,1,2,0,2,0,0,1,0,2,0,2,1,2,0,1,1,1,1,0,1,1,0,0,0,2,1,0,2,2,0,0,2,2,2,1,0,2,1,0,0,2,1,2,0,2,0,0,0,1,1,0,1,2,1,0,0,1,0,2,2,1,0,1,0
I9,2,2,2,1,0,1,0,2,0,0,0,2,2,1,2,2,2,0,2,2,2,2,1,1,2,2,0,1,2,1,0,1,0,2,2,0,1,2,2,2,0,2,2,2,2,0,0,2,2,0,2,2,0,1,0,0,2,0,0,1,2,2,1,1,1,2,0,0,1,1,2,2,2,1,2,2,0,0,0,1,0,1,1,1,2,2,1,0,1,2,2,2,1,2,0,2,1,1,1,2,0,2,2,0,2,0,1,0,1,2,1,0,0,1,0,1,0,1,1,1,0,1,2,2,2,2,1,0,2,1,1,2,2,1,2,1,1,2,0,2,0,0,1,2,2,0,2,1,2,0,1,1,1,1,0,1,1,2,0,0,2,1,0,2,2,0,1,2,2,2,1,2,2,1,0,0,2,1,2,0,2,1,0,0,1,1,0,1,2,1,0,1,1,0,2,2,1,0,1,0
216_14,2,2,2,1,0,1,0,2,0,0,0,2,2,1,2,2,2,0,2,2,2,2,1,1,2,2,0,1,2,1,0,1,0,2,2,0,1,2,2,2,0,2,2,2,2,0,0,2,2,0,2,2,0,1,0,0,2,0,0,1,2,2,1,1,1,2,0,0,1,1,2,2,2,1,2,2,0,0,0,1,0,1,1,1,2,2,1,0,1,2,2,2,1,2,0,2,1,1,1,2,0,2,2,0,2,0,1,0,1,2,1,0,0,1,0,1,0,1,1,1,0,1,2,2,2,2,1,0,2,1,1,2,2,1,2,1,1,2,0,2,0,0,1,2,2,0,2,1,2,0,1,1,1,1,0,1,1,2,0,0,2,1,0,2,2,0,1,2,2,2,1,2,2,1,0,0,2,1,2,0,2,1,0,0,1,1,0,1,2,1,0,1,1,0,2,2,1,0,1,0
216_13,2,2,2,1,0,1,0,2,0,0,0,2,2,1,2,2,2,0,2,2,2,2,1,1,2,2,0,1,2,1,0,1,0,2,2,0,1,2,2,2,0,2,2,2,2,0,0,2,2,0,2,2,0,1,0,0,2,0,0,1,2,2,1,1,1,2,0,0,1,1,2,2,2,1,2,2,0,0,0,1,0,1,1,1,2,2,1,0,1,2,2,2,1,2,0,2,1,1,1,2,0,2,2,0,2,0,1,0,1,2,1,0,0,1,0,1,0,1,1,1,0,1,2,2,2,2,1,0,2,1,1,2,2,1,2,1,1,2,0,2,0,0,1,2,2,0,2,1,2,0,1,1,1,1,0,1,1,2,0,0,2,1,0,2,2,0,1,2,2,2,1,2,2,1,0,0,2,1,2,0,2,1,0,0,1,1,0,1,2,1,0,1,1,0,2,2,1,0,1,0
I10,2,2,2,1,0,1,0,2,1,0,0,2,2,1,2,2,2,0,2,2,2,2,1,1,2,2,0,0,0,1,0,1,1,2,0,0,1,2,2,2,0,2,2,2,2,2,0,2,1,2,2,2,0,1,0,0,2,0,0,1,2,2,1,1,1,1,0,0,1,1,2,2,2,1,2,2,0,0,0,1,0,1,1,0,2,2,1,0,1,2,2,2,1,2,0,2,1,1,1,2,0,2,2,0,2,0,1,0,1,2,1,0,0,1,0,0,0,1,1,1,1,1,2,2,2,2,1,0,2,1,1,2,2,1,2,1,1,2,0,2,0,0,1,2,2,0,2,1,2,0,1,1,1,1,0,1,1,0,0,0,2,1,0,2,2,0,0,2,2,2,1,0,2,1,2,1,2,1,2,0,2,1,0,1,1,1,0,1,2,1,2,0,1,0,2,2,1,0,1,0
216_12,2,2,2,1,0,1,0,2,1,0,0,2,2,1,2,2,2,0,2,2,2,2,1,1,2,2,0,0,0,1,0,1,1,2,0,2,1,2,2,2,0,2,2,2,2,2,0,2,1,2,2,2,2,1,0,0,2,0,0,1,2,2,1,1,1,1,0,0,1,1,2,2,2,1,2,2,0,0,0,1,0,1,1,0,2,2,1,0,1,2,2,2,1,2,0,2,1,1,1,2,0,2,2,0,2,0,1,0,1,2,1,0,0,1,0,0,0,1,1,1,1,1,2,2,2,2,1,0,2,1,1,2,2,1,2,1,1,2,0,2,0,0,1,2,2,0,2,1,2,0,1,1,1,1,0,1,1,0,0,0,2,1,0,2,2,0,0,2,2,2,1,0,2,1,2,1,2,1,2,0,2,1,0,1,1,1,0,1,2,1,2,0,1,0,2,2,1,0,1,0
216_11,2,2,2,1,0,1,0,2,1,0,0,2,2,1,2,2,2,0,2,2,2,2,1,1,2,2,0,0,0,1,0,1,1,2,0,0,1,2,2,2,0,2,2,2,2,2,0,2,1,2,2,2,0,1,0,0,2,0,0,1,2,2,1,1,1,1,0,0,1,1,2,2,2,1,2,2,0,0,0,1,0,1,1,0,2,2,1,0,1,2,2,2,1,2,0,2,1,1,1,2,0,2,2,0,2,0,1,0,1,2,1,0,0,1,0,0,0,1,1,1,1,1,2,2,2,2,1,0,2,1,1,2,2,1,2,1,1,2,0,2,0,0,1,2,2,0,2,1,2,0,1,1,1,1,0,1,1,0,0,0,2,1,0,2,2,0,0,2,2,2,1,0,2,1,2,1,2,1,2,0,2,1,0,1,1,1,0,1,2,1,2,0,1,0,2,2,1,0,1,0
I11,0,0,0,0,0,0,0,0,0,0,0,0,0,0,0,0,2,0,0,0,1,0,0,0,1,0,0,2,0,0,0,0,0,0,0,0,0,0,0,0,0,0,0,0,0,0,0,0,0,0,0,0,0,0,0,0,0,0,0,0,0,0,0,0,0,0,0,0,0,0,0,0,0,0,1,0,0,0,0,0,0,0,0,0,0,0,0,0,0,2,0,0,0,0,0,0,0,1,0,1,0,0,0,0,1,0,0,0,0,0,0,0,0,0,0,0,0,0,0,0,0,0,0,1,0,0,0,0,0,0,0,0,0,0,0,0,0,0,0,0,0,2,2,0,0,0,0,0,0,1,0,0,0,0,0,0,1,0,0,0,0,0,0,0,0,0,0,0,0,0,0,0,0,0,0,0,0,0,0,0,0,0,0,0,0,0,0,0,0,0,0,0,0,0,1,0,0,0,0,0
I12,0,0,1,1,0,0,0,0,0,0,0,0,0,1,0,0,2,1,0,1,1,0,0,0,1,0,2,2,0,1,0,0,0,0,0,0,1,0,1,2,0,2,1,0,0,0,1,0,0,0,0,0,1,0,1,2,0,1,0,0,1,1,0,2,0,0,0,0,1,0,0,0,0,0,1,1,0,0,0,0,0,0,0,0,0,0,0,2,0,2,0,0,0,1,0,0,0,1,0,1,0,2,0,0,1,0,0,0,0,2,0,0,0,0,0,0,1,1,0,0,0,0,0,1,2,0,0,0,0,0,0,0,0,1,2,1,0,0,0,0,0,2,2,0,0,0,0,2,0,1,0,2,0,0,0,0,1,0,2,2,0,2,0,0,0,0,1,0,0,0,0,0,0,0,0,2,2,0,0,0,1,0,2,0,0,1,2,1,0,0,0,0,1,0,1,0,0,0,0,1
I13,2,0,1,1,0,0,0,0,1,0,1,1,0,1,2,1,2,1,1,1,1,0,1,1,1,0,2,2,0,1,0,0,0,0,0,0,1,0,1,2,0,2,1,2,0,0,1,0,0,0,0,0,1,2,1,2,0,1,2,0,1,1,0,2,2,0,0,0,1,1,0,1,0,0,1,1,0,0,2,0,0,0,0,1,0,0,0,2,0,2,0,0,1,1,0,0,0,1,2,1,1,2,0,0,1,2,0,0,0,2,0,0,0,1,1,0,1,1,0,0,0,0,0,1,2,0,0,0,0,1,0,2,0,1,2,1,0,1,0,0,0,2,2,0,0,0,0,2,2,1,0,2,0,0,0,0,1,0,2,2,2,2,1,0,0,0,1,0,2,0,2,0,2,0,0,2,2,0,0,1,1,0,2,0,0,1,2,1,0,1,0,1,1,0,1,0,0,0,0,1
I14,2,0,1,1,0,0,0,0,1,0,1,1,0,1,2,1,2,1,1,1,1,0,1,1,1,0,2,2,0,1,2,1,0,0,0,1,1,0,1,2,0,2,1,2,0,2,1,0,0,0,1,0,1,2,1,2,0,1,2,0,1,1,0,2,2,0,0,0,1,1,1,1,0,0,1,1,0,0,2,2,0,1,2,1,0,0,0,2,0,2,0,0,1,1,1,0,0,1,2,1,1,2,0,1,1,2,0,0,0,2,0,0,0,1,1,1,1,1,0,0,1,2,0,1,2,0,0,0,0,1,0,2,0,1,2,1,0,1,0,0,0,2,2,0,0,0,0,2,2,1,0,2,1,0,1,1,1,2,2,2,2,2,1,0,0,0,1,2,2,1,2,0,2,0,0,2,2,0,0,1,1,0,2,0,2,1,2,1,0,1,1,1,1,2,1,1,1,2,2,1
I15,2,0,1,1,0,0,0,0,1,0,1,1,2,1,2,1,2,1,1,1,1,0,1,1,1,0,2,2,0,1,2,1,0,0,0,1,1,0,1,2,0,2,1,2,2,2,1,0,0,0,1,0,1,2,1,2,0,1,2,0,1,1,0,2,2,1,0,0,1,1,1,1,0,1,1,1,0,0,2,2,0,1,2,1,0,0,0,2,0,2,0,0,1,1,1,0,0,1,2,1,1,2,0,1,1,2,0,0,0,2,0,2,0,1,1,1,1,1,0,2,1,2,2,1,2,0,0,0,0,1,0,2,0,1,2,1,0,1,0,2,0,2,2,0,0,1,0,2,2,1,0,2,1,0,1,1,1,2,2,2,2,2,1,0,0,2,1,2,2,1,2,0,2,0,0,2,2,0,0,1,1,0,2,0,2,1,2,1,0,1,1,1,1,2,1,1,1,2,2,1
216_42,2,0,1,1,0,0,0,0,1,0,1,1,2,1,2,1,2,1,1,1,1,0,1,1,1,0,2,2,0,1,2,1,0,0,0,1,1,0,1,2,0,2,1,2,2,2,1,0,0,0,1,0,1,2,1,2,0,1,2,0,1,1,0,2,2,1,0,0,1,1,1,1,0,1,1,1,0,0,2,2,0,1,2,1,0,0,0,2,1,2,0,0,1,1,1,0,0,1,2,1,1,2,0,1,1,2,0,0,0,2,0,2,0,1,1,1,1,1,0,2,1,2,2,1,2,0,0,0,0,1,0,2,0,1,2,1,0,1,0,2,0,2,2,0,0,1,0,2,2,1,0,2,1,0,1,1,1,2,2,2,2,2,1,0,0,2,1,2,2,1,2,0,2,0,0,2,2,0,0,1,1,0,2,0,2,1,2,1,0,1,1,1,1,2,1,1,1,2,2,1
216_41,2,0,1,1,0,0,0,0,1,0,1,1,2,1,2,1,2,1,1,1,1,0,1,1,1,0,2,2,0,1,2,1,0,0,0,1,1,0,1,2,0,2,1,2,2,2,1,0,0,0,1,0,1,2,1,2,0,1,2,0,1,1,0,2,2,1,0,0,1,1,1,1,0,1,1,1,0,0,2,2,0,1,2,1,0,0,0,2,0,2,0,0,1,1,1,0,0,1,2,1,1,2,0,1,1,2,0,0,0,2,0,2,0,1,1,1,1,1,0,2,1,2,2,1,2,0,0,2,0,1,0,2,0,1,2,1,0,1,0,2,0,2,2,0,0,1,0,2,2,1,0,2,1,0,1,1,1,2,2,2,2,2,1,0,0,2,1,2,2,1,2,0,2,0,0,2,2,0,0,1,1,0,2,0,2,1,2,1,0,1,1,1,1,2,1,1,1,2,2,1
I16,2,0,1,1,0,0,0,0,1,0,1,1,0,1,2,1,2,1,1,1,1,2,1,1,1,0,2,2,0,1,2,1,0,1,0,1,1,0,1,2,0,2,1,2,0,2,1,0,0,0,1,0,1,2,1,2,0,1,2,0,1,1,0,2,2,0,0,0,1,1,1,1,0,0,1,1,0,2,2,2,0,1,2,1,0,0,0,2,2,2,1,0,1,1,1,0,1,1,2,1,1,2,1,1,1,2,0,2,0,2,0,1,2,1,1,1,1,1,0,0,1,2,0,1,2,0,0,0,1,1,0,2,0,1,2,1,0,1,0,2,0,2,2,0,0,0,0,2,2,1,0,2,1,0,1,1,1,2,2,2,2,2,1,0,0,0,1,2,2,1,2,2,2,0,0,2,2,0,0,1,1,0,2,1,2,1,2,1,0,1,1,1,1,2,1,1,1,2,2,1
216_40,2,0,1,1,0,0,0,0,1,0,1,1,0,1,2,1,2,1,1,1,1,2,1,1,1,0,2,2,0,1,2,1,0,1,0,1,1,0,1,2,0,2,1,2,0,2,1,0,0,0,1,0,1,2,1,2,0,1,2,0,1,1,0,2,2,0,0,0,1,1,1,1,0,0,1,1,0,2,2,2,0,1,2,1,0,0,0,2,2,2,1,0,1,1,1,0,1,1,2,1,1,2,1,1,1,2,0,2,0,2,0,1,2,1,1,1,1,1,0,0,1,2,0,1,2,0,0,0,1,1,0,2,0,1,2,1,0,1,0,2,2,2,2,2,0,0,0,2,2,1,0,2,1,0,1,1,1,2,2,2,2,2,1,0,0,0,1,2,2,1,2,2,2,0,0,2,2,0,0,1,1,1,2,1,2,1,2,1,0,1,1,1,1,2,1,1,1,2,2,1
216_39,2,0,1,1,0,0,0,0,1,0,1,1,0,1,2,1,2,1,1,1,1,2,1,1,1,0,2,2,0,1,2,1,0,1,0,1,1,0,1,2,0,2,1,2,0,2,1,0,0,0,1,0,1,2,1,2,2,1,2,0,1,1,0,2,2,0,0,0,1,1,1,1,0,0,1,1,0,2,2,2,0,1,2,1,0,0,0,2,2,2,1,0,1,1,1,0,1,1,2,1,1,2,1,1,1,2,0,2,0,2,0,1,2,1,1,1,1,1,0,0,1,2,0,1,2,0,0,0,1,1,0,2,0,1,2,1,0,1,0,2,0,2,2,0,0,0,0,2,2,1,0,2,1,0,1,1,1,2,2,2,2,2,1,0,0,0,1,2,2,1,2,2,2,0,0,2,2,0,0,1,1,0,2,1,2,1,2,1,0,1,1,1,1,2,1,1,1,2,2,1
I17,2,2,1,1,1,0,0,0,1,1,1,1,0,1,2,1,2,1,1,1,1,2,1,1,1,0,2,2,0,1,0,1,0,0,0,0,1,1,1,2,0,2,1,2,0,0,1,0,0,0,1,0,1,2,1,2,0,1,2,2,1,1,0,2,2,0,2,0,1,1,0,1,0,0,1,1,2,0,2,0,1,0,0,1,0,0,2,2,0,2,0,1,1,1,0,0,2,1,2,1,1,2,2,0,1,2,0,0,0,2,2,0,0,1,1,1,1,1,2,0,1,0,0,1,2,0,0,0,0,1,0,2,0,1,2,1,0,1,2,2,0,2,2,0,2,0,2,2,2,1,0,2,0,0,2,1,1,0,2,2,2,2,1,0,1,0,1,0,2,0,2,0,2,0,0,2,2,0,0,1,1,0,2,0,2,1,2,1,0,1,1,1,1,0,1,0,2,0,0,1
I18,2,2,1,1,1,0,2,0,1,1,1,1,0,1,2,1,2,1,1,1,1,2,1,1,1,0,2,2,1,1,0,1,0,0,0,0,1,1,1,2,0,2,1,2,0,2,1,1,0,0,1,0,1,2,1,2,0,1,2,2,1,1,0,2,2,0,2,0,1,1,0,1,0,2,1,1,2,2,2,0,1,0,0,1,0,0,2,2,0,2,2,1,1,1,0,1,2,1,2,1,1,2,2,0,1,2,0,1,0,2,2,0,2,1,1,1,1,1,2,0,1,1,2,1,2,2,1,0,0,1,0,2,0,1,2,1,0,1,2,2,0,2,2,0,2,0,2,2,2,1,0,2,0,0,2,1,1,2,2,2,2,2,1,0,1,0,1,2,2,0,2,0,2,0,1,2,2,0,0,1,1,0,2,0,2,1,2,1,2,1,1,1,1,0,1,0,2,0,2,1
216_46,2,2,1,1,1,0,2,0,1,1,1,1,0,1,2,1,2,1,1,1,1,2,1,1,1,0,2,2,1,1,0,1,0,0,0,0,1,1,1,2,0,2,1,2,0,2,1,1,0,0,1,0,1,2,1,2,0,1,2,2,1,1,0,2,2,0,2,2,1,1,0,1,0,2,1,1,2,2,2,0,1,0,0,1,0,2,2,2,0,2,2,1,1,1,0,1,2,1,2,1,1,2,2,0,1,2,0,1,0,2,2,0,2,1,1,1,1,1,2,0,1,1,2,1,2,2,1,0,0,1,0,2,0,1,2,1,0,1,2,2,0,2,2,0,2,0,2,2,2,1,0,2,0,0,2,1,1,2,2,2,2,2,1,0,1,0,1,2,2,0,2,1,2,0,1,2,2,0,0,1,1,0,2,0,2,1,2,1,2,1,1,1,1,0,1,0,2,0,2,1
216_45,2,2,1,1,1,0,2,0,1,1,1,1,0,1,2,1,2,1,1,1,1,2,1,1,1,0,2,2,1,1,0,1,0,0,0,0,1,1,1,2,0,2,1,2,0,2,1,1,0,0,1,0,1,2,1,2,0,1,2,2,1,1,0,2,2,0,2,0,1,1,0,1,0,2,1,1,2,2,2,0,1,0,0,1,0,0,2,2,0,2,2,1,1,1,0,1,2,1,2,1,1,2,2,0,1,2,0,1,0,2,2,0,2,1,1,1,1,1,2,0,1,1,2,1,2,2,1,0,0,1,0,2,0,1,2,1,0,1,2,2,0,2,2,0,2,0,2,2,2,1,0,2,0,1,2,1,1,2,2,2,2,2,1,0,1,0,1,2,2,0,2,0,2,0,1,2,2,0,2,1,1,0,2,0,2,1,2,1,2,1,1,1,1,0,1,0,2,0,2,1
I19,2,2,1,1,1,0,0,1,1,1,1,1,0,1,2,1,2,1,1,1,1,2,1,1,1,0,2,2,1,1,0,1,0,2,0,0,1,1,1,2,0,2,1,2,0,2,1,1,0,0,1,0,1,2,1,2,0,1,2,2,1,1,0,2,2,2,2,0,1,1,0,1,2,0,1,1,2,0,2,0,1,1,2,1,0,0,2,2,0,2,0,1,1,1,0,0,2,1,2,1,1,2,2,0,1,2,0,0,0,2,2,0,0,1,1,1,1,1,2,0,1,0,2,1,2,0,0,0,0,1,0,2,1,1,2,1,0,1,2,2,0,2,2,0,2,0,2,2,2,1,2,2,0,1,2,1,1,0,2,2,2,2,1,1,1,2,1,0,2,0,2,0,2,0,2,2,2,0,0,1,1,0,2,1,2,1,2,1,0,1,1,1,1,0,1,0,2,0,0,1
216_44,2,2,1,1,1,0,0,1,1,1,1,1,0,1,2,1,2,1,1,1,1,2,1,1,1,0,2,2,1,1,0,1,0,2,0,0,1,1,1,2,0,2,1,2,0,2,1,1,0,1,1,0,1,2,1,2,0,1,2,2,1,1,0,2,2,2,2,0,1,1,0,1,2,0,1,1,2,0,2,0,1,1,2,1,0,0,2,2,0,2,0,1,1,1,0,0,2,1,2,1,1,2,2,0,1,2,0,0,0,2,2,0,0,1,1,1,1,1,2,0,1,0,2,1,2,0,2,0,0,1,0,2,1,1,2,1,0,1,2,2,0,2,2,0,2,0,2,2,2,1,2,2,0,1,2,1,1,0,2,2,2,2,1,1,1,2,1,0,2,0,2,0,2,1,2,2,2,0,2,1,1,0,2,1,2,1,2,1,0,1,1,1,1,0,1,0,2,0,0,1
216_43,2,2,1,1,1,0,0,1,1,1,1,1,0,1,2,1,2,1,1,1,1,2,1,1,1,0,2,2,1,1,0,1,0,2,0,0,1,1,1,2,0,2,1,2,0,2,1,1,0,0,1,0,1,2,1,2,0,1,2,2,1,1,0,2,2,2,2,1,1,1,0,1,2,0,1,1,2,0,2,0,1,1,2,1,0,0,2,2,0,2,0,1,1,1,1,0,2,1,2,1,1,2,2,2,1,2,0,0,0,2,2,0,0,1,1,1,1,1,2,0,1,0,2,1,2,0,0,0,0,1,0,2,1,1,2,1,0,1,2,2,0,2,2,0,2,0,2,2,2,1,2,2,0,1,2,1,1,0,2,2,2,2,1,1,1,2,1,0,2,0,2,0,2,0,2,2,2,0,0,1,1,0,2,1,2,1,2,1,0,1,1,1,1,0,1,0,2,0,0,1
I20,0,0,1,1,0,0,0,0,1,2,0,2,0,1,0,0,2,1,0,1,1,2,0,0,1,1,2,2,0,1,2,0,0,0,0,0,1,1,1,2,1,2,1,2,0,0,1,2,1,0,0,0,1,0,1,2,0,1,0,0,1,1,0,2,0,0,0,0,1,0,0,0,0,0,1,1,0,0,0,0,2,0,0,0,0,0,2,2,0,2,0,0,0,1,0,0,0,1,2,1,0,2,0,1,1,0,0,0,1,2,0,2,0,2,0,0,1,1,1,0,0,2,0,1,2,0,0,0,0,0,0,0,0,1,2,1,0,0,0,0,2,2,2,0,0,0,2,2,0,1,0,2,2,2,0,2,1,2,2,2,2,2,0,0,0,1,1,2,0,2,0,0,1,1,0,2,2,0,1,1,1,1,2,0,0,1,2,1,0,0,0,0,1,0,1,2,0,0,0,1
I21,0,0,1,1,2,0,2,0,1,2,1,2,0,1,2,2,2,1,1,1,1,2,0,0,1,1,2,2,1,1,2,2,0,1,0,0,1,1,1,2,1,2,1,2,0,1,1,2,1,0,0,0,1,2,1,2,0,1,2,0,1,1,2,2,0,0,0,2,1,0,0,0,0,0,1,1,0,0,2,0,2,0,2,0,2,0,2,2,2,2,0,1,1,1,0,0,1,1,2,1,0,2,1,1,1,2,0,1,1,2,1,2,0,2,0,2,1,1,1,1,0,2,0,1,2,0,1,0,0,0,0,2,2,1,2,1,1,2,0,0,2,2,2,0,2,1,2,2,1,1,2,2,2,2,0,2,1,2,2,2,2,2,0,0,0,1,1,2,0,2,0,0,1,1,0,2,2,1,1,1,1,1,2,0,0,1,2,1,0,0,0,0,1,0,1,2,0,1,2,1
216_36,0,0,1,1,2,0,2,0,1,2,1,2,0,1,2,2,2,1,1,1,1,2,0,0,1,1,2,2,1,1,2,2,0,1,0,0,1,1,1,2,1,2,1,2,0,1,1,2,1,0,0,1,1,2,1,2,0,1,2,0,1,1,2,2,0,0,0,2,1,0,0,2,0,0,1,1,0,2,2,1,2,0,2,0,2,0,2,2,2,2,0,1,1,1,0,0,1,1,2,1,0,2,1,1,1,2,0,1,1,2,1,2,0,2,0,2,1,1,1,1,0,2,0,1,2,0,1,0,0,0,0,2,2,1,2,1,1,2,2,0,2,2,2,0,2,1,2,2,1,1,2,2,2,2,0,2,1,2,2,2,2,2,0,0,0,1,1,2,0,2,0,0,1,1,0,2,2,1,1,1,1,1,2,0,0,1,2,1,0,0,0,0,1,0,1,2,0,1,2,1
216_35,0,0,1,1,2,0,2,0,1,2,1,2,0,1,2,2,2,1,1,1,1,2,0,0,1,1,2,2,1,1,2,2,0,1,0,0,1,1,1,2,1,2,1,2,0,1,1,2,1,0,0,0,1,2,1,2,0,1,2,0,1,1,2,2,0,1,0,2,1,0,0,0,0,0,1,1,0,0,2,1,2,0,2,0,2,0,2,2,2,2,0,1,1,1,0,0,1,1,2,1,0,2,1,1,1,2,0,1,1,2,1,2,0,2,0,2,1,1,1,1,0,2,0,1,2,0,1,0,0,0,2,2,2,1,2,1,1,2,0,0,2,2,2,0,2,1,2,2,1,1,2,2,2,2,0,2,1,2,2,2,2,2,0,0,0,1,1,2,0,2,0,0,1,1,0,2,2,1,1,1,1,1,2,0,0,1,2,1,0,0,0,0,1,0,1,2,0,1,2,1
I22,0,0,1,1,1,1,1,0,1,2,0,2,1,1,0,1,2,1,1,1,1,2,2,0,1,1,2,2,2,1,2,0,1,0,0,0,1,1,1,2,1,2,1,2,0,0,1,2,1,2,0,1,1,0,1,2,0,1,0,0,1,1,0,2,0,0,2,2,1,2,2,1,0,0,1,1,1,0,0,2,2,2,0,1,2,0,2,2,0,2,1,0,1,1,0,2,0,1,2,1,1,2,1,1,1,0,0,0,1,2,1,2,1,2,0,2,1,1,1,0,0,2,0,1,2,0,0,1,2,1,2,0,1,1,2,1,0,0,0,0,2,2,2,0,0,0,2,2,1,1,0,2,2,2,1,2,1,2,2,2,2,2,0,0,0,1,1,2,0,2,0,0,1,1,0,2,2,0,1,1,1,1,2,0,0,1,2,1,2,2,0,0,1,0,1,2,2,0,0,1
216_32,0,0,1,1,1,1,1,0,1,2,0,2,1,1,0,1,2,1,1,1,1,2,2,0,1,1,2,2,2,1,2,2,1,0,0,0,1,1,1,2,1,2,1,2,0,0,1,2,1,2,0,1,1,0,1,2,0,1,2,0,1,1,0,2,0,0,2,2,1,2,2,1,0,0,1,1,1,0,0,2,2,2,0,1,2,0,2,2,0,2,1,0,1,1,0,2,0,1,2,1,1,2,1,1,1,0,0,0,1,2,1,2,1,2,1,2,1,1,1,0,0,2,0,1,2,1,0,1,2,1,2,0,1,1,2,1,0,0,0,0,2,2,2,0,0,2,2,2,1,1,0,2,2,2,1,2,1,2,2,2,2,2,0,0,0,1,1,2,0,2,1,0,1,1,0,2,2,0,1,1,1,1,2,0,0,1,2,1,2,2,0,0,1,0,1,2,2,0,0,1
216_31,0,0,1,1,1,1,1,0,1,2,2,2,1,1,0,1,2,1,1,1,1,2,2,0,1,1,2,2,2,1,2,1,1,0,0,0,1,1,1,2,1,2,1,2,0,0,1,2,1,2,0,1,1,0,1,2,2,1,0,0,1,1,0,2,0,0,2,2,1,2,2,1,0,0,1,1,1,0,0,2,2,2,0,1,2,1,2,2,0,2,1,0,1,1,0,2,0,1,2,1,1,2,1,1,1,0,0,0,1,2,1,2,1,2,0,2,1,1,1,0,0,2,0,1,2,0,0,1,2,1,2,0,1,1,2,1,0,0,0,0,2,2,2,0,0,2,2,2,1,1,0,2,2,2,1,2,1,2,2,2,2,2,0,0,0,1,1,2,0,2,0,0,1,1,0,2,2,1,1,1,1,1,2,0,0,1,2,1,2,2,0,0,1,0,1,2,2,0,0,1
I23,0,2,0,0,0,2,0,1,0,0,0,0,0,0,0,1,2,0,0,2,1,0,2,0,1,0,0,2,0,0,0,0,2,0,0,0,0,0,0,0,0,0,0,0,0,0,0,0,0,0,0,0,0,2,0,0,0,1,0,0,0,0,0,2,0,0,0,1,1,0,0,0,0,0,1,0,0,0,0,0,0,0,2,0,0,0,0,0,0,2,0,0,1,0,1,0,2,1,0,1,0,0,2,0,1,1,0,0,0,1,0,2,0,0,0,1,0,0,2,0,0,0,2,1,0,0,0,0,0,1,0,0,0,0,0,1,0,0,0,0,0,2,2,0,0,1,0,0,2,1,2,0,0,0,0,0,1,2,2,0,2,0,0,0,0,0,0,1,1,0,0,2,0,2,2,0,0,0,0,2,0,0,0,0,0,0,0,0,2,0,1,0,0,0,1,0,0,2,0,1
I24,1,2,0,0,1,2,0,1,0,0,1,0,0,0,0,1,2,0,0,2,1,1,2,0,1,0,0,2,0,2,0,2,2,0,0,0,1,0,0,0,0,0,0,1,0,1,2,0,1,0,0,0,0,2,0,1,0,1,0,0,0,0,0,2,2,2,0,1,1,0,2,1,2,2,1,0,1,0,2,2,2,1,2,0,0,0,0,0,1,2,2,0,1,2,1,0,2,1,0,1,0,0,2,0,1,1,0,1,0,1,0,2,0,0,1,1,0,2,2,0,2,1,2,1,2,0,0,0,0,1,0,1,0,2,1,1,0,0,0,0,0,2,2,0,0,1,0,0,2,1,2,2,0,0,2,0,1,2,2,2,2,0,0,1,0,0,0,1,1,0,1,2,0,2,2,0,0,0,0,2,0,2,0,1,2,0,0,0,2,0,1,2,0,0,1,0,2,2,1,1
216_26,1,2,0,0,1,2,1,1,0,0,1,0,0,0,2,1,2,0,2,2,1,1,2,1,1,0,2,2,0,2,0,2,2,0,0,0,1,2,1,0,0,0,0,1,1,1,2,0,1,2,1,0,0,2,1,1,2,1,0,0,2,2,0,2,2,2,0,1,1,0,2,1,2,2,1,2,1,0,2,2,2,1,2,1,1,0,0,0,1,2,2,0,1,2,1,2,2,1,1,1,0,0,2,0,1,1,2,1,0,1,1,2,0,0,1,1,1,2,2,1,2,1,2,1,2,1,0,2,1,1,1,1,0,2,1,1,0,2,1,0,1,2,2,0,0,1,0,0,2,1,2,2,1,2,2,0,1,2,2,2,2,2,1,1,2,0,1,1,1,1,1,2,0,2,2,0,2,2,2,2,2,2,0,1,2,1,0,2,2,1,1,2,2,1,1,0,2,2,1,1
I25,1,2,2,0,1,2,2,1,0,0,1,2,0,0,0,1,2,0,0,2,1,1,2,0,1,2,2,2,0,2,0,2,2,2,2,2,1,0,1,0,0,0,0,1,0,1,2,0,1,0,0,0,2,2,0,1,2,1,0,0,1,0,0,2,2,2,0,1,1,0,2,1,2,2,1,2,1,2,2,2,2,1,2,0,0,1,0,0,1,2,2,2,1,2,1,2,2,1,0,1,2,0,2,0,1,1,0,1,1,1,2,2,0,0,1,1,0,2,2,0,2,1,2,1,2,0,0,0,1,1,0,1,0,2,1,1,0,0,2,0,0,2,2,0,0,1,0,0,2,1,2,2,0,1,2,2,1,2,2,2,2,0,0,1,0,0,1,1,1,0,1,2,0,2,2,0,0,0,0,2,0,2,0,1,2,1,0,0,2,0,1,2,0,2,1,0,2,2,1,1
216_27,1,2,2,0,1,2,2,1,0,0,1,2,0,0,1,1,2,0,1,2,1,1,2,0,1,2,2,2,0,2,0,2,2,2,2,2,1,0,1,0,0,1,1,1,1,1,2,0,1,0,0,2,2,2,0,1,2,1,2,0,1,2,0,2,2,2,0,1,1,0,2,1,2,2,1,2,1,2,2,2,2,1,2,0,0,1,0,0,1,2,2,2,1,2,1,2,2,1,1,1,2,1,2,0,1,1,2,1,1,1,2,2,2,0,1,1,0,2,2,0,2,1,2,1,2,1,1,0,1,1,0,1,0,2,1,1,2,0,2,1,0,2,2,0,2,1,1,0,2,1,2,2,0,1,2,2,1,2,2,2,2,0,0,1,2,0,1,1,1,0,1,2,0,2,2,0,0,1,0,2,0,2,0,1,2,1,2,2,2,0,1,2,2,2,1,0,2,2,1,1
I26,1,2,2,0,1,2,2,1,2,0,1,2,2,0,1,1,2,0,0,2,1,1,2,1,1,2,2,2,2,2,0,2,2,2,2,2,1,0,1,0,2,0,0,1,1,1,2,0,1,0,0,0,2,2,0,1,2,1,0,0,1,1,0,2,2,2,0,1,1,2,2,1,2,2,1,2,1,2,2,2,2,1,2,2,0,1,0,0,1,2,2,2,1,2,1,2,2,1,0,1,2,2,2,0,1,1,0,1,1,1,2,2,0,1,1,1,0,2,2,0,2,1,2,1,2,1,0,0,1,1,2,1,0,2,1,1,0,0,2,0,2,2,2,0,0,1,2,2,2,1,2,2,0,1,2,2,1,2,2,2,2,1,0,1,0,0,1,1,1,0,1,2,0,2,2,0,0,0,0,2,1,2,0,1,2,1,0,0,2,1,1,2,0,2,1,0,2,2,1,1
216_30,1,2,2,0,1,2,2,1,2,0,1,2,2,0,1,1,2,0,0,2,1,1,2,1,1,2,2,2,2,2,0,2,2,2,2,2,1,0,1,0,2,0,0,1,1,1,2,0,1,0,0,0,2,2,0,1,2,1,0,0,1,1,0,2,2,2,0,1,1,2,2,1,2,2,1,2,1,2,2,2,2,1,2,2,0,1,0,0,1,2,2,2,1,2,1,2,2,1,0,1,2,2,2,0,1,1,0,1,1,1,2,2,0,1,1,1,1,2,2,0,2,1,2,1,2,1,0,0,1,1,2,1,0,2,1,1,0,0,2,1,2,2,2,0,0,1,2,2,2,1,2,2,0,1,2,2,1,2,2,2,2,1,0,1,0,0,1,1,1,0,1,2,0,2,2,0,0,0,0,2,1,2,0,1,2,1,0,0,2,1,1,2,0,2,1,0,2,2,1,1
216_29,1,2,2,0,1,2,2,1,2,0,1,2,2,0,1,1,2,0,0,2,1,1,2,1,1,2,2,2,2,2,0,2,2,2,2,2,1,0,1,0,2,0,0,1,1,1,2,0,1,0,2,0,2,2,0,1,2,1,2,0,1,1,0,2,2,2,0,1,1,2,2,1,2,2,1,2,1,2,2,2,2,1,2,2,0,1,0,0,1,2,2,2,1,2,1,2,2,1,0,1,2,2,2,0,1,1,0,1,1,1,2,2,0,1,1,1,0,2,2,0,2,1,2,1,2,1,0,0,1,1,2,1,0,2,1,1,0,0,2,0,2,2,2,0,0,1,2,2,2,1,2,2,0,1,2,2,1,2,2,2,2,1,0,1,0,0,1,1,1,0,1,2,0,2,2,0,0,0,0,2,1,2,0,1,2,1,0,2,2,1,1,2,0,2,1,0,2,2,1,1
I27,0,2,0,0,0,2,1,1,0,0,0,2,1,0,0,1,2,0,2,2,1,2,2,0,1,0,0,2,0,0,0,0,2,0,2,1,2,0,1,0,0,0,0,0,0,0,0,0,0,2,0,0,0,2,2,0,0,1,2,0,0,0,0,2,2,0,1,1,1,0,1,1,2,1,1,0,0,0,0,1,1,0,2,0,0,0,0,1,2,2,1,0,1,0,1,0,2,1,0,1,0,0,2,0,1,1,0,0,2,1,0,2,0,0,0,1,2,0,2,0,0,1,2,1,1,0,1,1,2,1,1,0,0,1,0,1,0,0,0,0,0,2,2,0,0,1,0,0,2,1,2,0,1,0,1,0,1,2,2,0,2,2,2,0,2,0,0,1,1,2,0,2,0,2,2,0,1,1,1,2,2,0,0,0,0,0,0,2,2,0,1,0,0,0,1,1,0,2,2,1
I28,1,2,0,0,0,2,1,1,0,0,0,2,1,1,0,1,2,1,2,2,1,2,2,1,1,0,1,2,0,0,2,1,2,0,2,1,2,0,1,0,0,0,0,2,2,0,0,0,2,2,0,2,0,2,2,2,0,1,2,1,0,0,0,2,2,0,1,1,1,0,1,1,2,1,1,0,0,1,0,1,1,0,2,2,0,0,0,1,2,2,1,0,1,0,1,2,2,1,0,1,0,0,2,2,1,1,0,0,2,1,2,2,0,0,1,1,2,1,2,0,1,1,2,1,1,2,1,1,2,1,1,0,2,1,2,1,0,0,0,0,0,2,2,1,2,1,2,0,2,1,2,1,1,2,1,0,1,2,2,2,2,2,2,0,2,0,0,1,1,2,0,2,2,2,2,0,1,1,1,2,2,2,0,0,1,2,0,2,2,0,1,0,2,0,1,1,2,2,2,1
I29,1,2,0,0,0,2,1,1,0,1,1,2,1,1,0,1,2,1,2,2,1,2,2,1,1,1,1,2,0,0,2,1,2,0,2,1,2,0,1,2,0,0,2,2,2,0,0,2,2,2,1,2,2,2,2,2,2,1,2,1,0,2,1,2,2,0,1,1,1,0,1,1,2,1,1,0,2,1,0,1,1,0,2,2,0,0,0,1,2,2,1,2,1,1,1,2,2,1,0,1,0,0,2,2,1,1,0,0,2,1,2,2,1,2,1,1,2,1,2,0,1,1,2,1,1,2,1,1,2,1,1,2,2,1,2,1,0,0,0,0,0,2,2,1,2,1,2,0,2,1,2,1,1,2,1,0,1,2,2,2,2,2,2,0,2,2,0,1,1,2,0,2,2,2,2,0,1,1,1,2,2,2,0,1,1,2,2,2,2,2,1,0,2,0,1,1,2,2,2,1
216_22,1,2,0,0,0,2,1,1,0,1,1,2,1,1,0,1,2,1,2,2,1,2,2,1,1,1,1,2,0,0,2,1,2,0,2,1,2,0,1,2,0,0,2,2,2,0,0,2,2,2,1,2,2,2,2,2,2,1,2,1,0,2,1,2,2,0,1,1,1,0,1,1,2,1,1,0,2,1,0,1,1,0,2,2,0,0,0,1,2,2,1,2,1,1,1,2,2,1,0,1,0,0,2,2,1,1,2,0,2,1,2,2,1,2,1,1,2,1,2,0,1,1,2,1,1,2,1,1,2,1,1,2,2,1,2,1,1,0,0,0,0,2,2,1,2,1,2,2,2,1,2,1,1,2,1,0,1,2,2,2,2,2,2,0,2,2,0,1,1,2,0,2,2,2,2,0,1,1,1,2,2,2,0,1,1,2,2,2,2,2,1,0,2,0,1,1,2,2,2,1
216_21,1,2,0,0,0,2,1,1,0,1,1,2,1,1,0,1,2,1,2,2,1,2,2,1,1,1,1,2,0,0,2,1,2,0,2,1,2,0,1,2,0,0,2,2,2,0,0,2,2,2,1,2,2,2,2,2,2,1,2,1,0,2,1,2,2,0,1,1,1,0,1,1,2,1,1,0,2,1,0,1,1,0,2,2,0,0,0,1,2,2,1,2,1,1,1,2,2,1,0,1,0,0,2,2,1,1,0,0,2,1,2,2,1,2,1,1,2,1,2,0,1,1,2,1,1,2,1,1,2,1,1,2,2,1,2,1,0,0,0,0,0,2,2,1,2,1,2,2,2,1,2,1,1,2,1,0,1,2,2,2,2,2,2,0,2,2,1,1,1,2,0,2,2,2,2,0,1,1,1,2,2,2,2,1,1,2,2,2,2,2,1,0,2,0,1,1,2,2,2,1
I30,1,2,0,0,2,2,1,1,2,0,0,2,1,1,0,1,2,1,2,2,1,2,2,1,1,0,1,2,0,0,2,1,2,1,2,1,2,0,1,0,0,0,0,2,2,0,0,0,2,2,2,2,0,2,2,2,0,1,2,1,1,0,2,2,2,2,1,1,1,2,1,1,2,1,1,0,0,1,0,1,1,0,2,2,0,2,0,1,2,2,1,0,1,1,1,2,2,1,2,1,0,0,2,2,1,1,0,0,2,1,2,2,0,0,1,1,2,1,2,2,1,1,2,1,1,2,1,1,2,1,1,0,2,1,2,1,0,0,0,0,0,2,2,1,2,1,2,0,2,1,2,1,1,2,1,2,1,2,2,2,2,2,2,2,2,0,0,1,1,2,0,2,2,2,2,0,1,1,1,2,2,2,0,2,1,2,0,2,2,0,1,0,2,0,1,1,2,2,2,1
216_20,1,2,0,0,2,2,1,1,2,0,0,2,1,1,0,1,2,1,2,2,1,2,2,1,1,0,1,2,0,0,2,1,2,1,2,1,2,2,1,0,0,0,0,2,2,2,2,0,2,2,2,2,0,2,2,2,0,1,2,1,1,0,2,2,2,2,1,1,1,2,1,1,2,1,1,0,0,1,0,1,1,0,2,2,0,2,0,1,2,2,1,0,1,1,1,2,2,1,2,1,0,0,2,2,1,1,1,0,2,1,2,2,0,0,1,1,2,1,2,2,1,1,2,1,1,2,1,1,2,1,1,0,2,1,2,1,0,0,1,0,0,2,2,1,2,1,2,0,2,1,2,1,1,2,1,2,1,2,2,2,2,2,2,2,2,1,0,1,1,2,0,2,2,2,2,0,1,1,1,2,2,2,0,2,1,2,0,2,2,0,1,0,2,0,1,1,2,2,2,1
216_19,1,2,0,0,2,2,1,1,2,0,0,2,1,1,0,1,2,1,2,2,1,2,2,1,1,0,1,2,0,0,2,1,2,1,2,1,2,0,1,0,0,0,0,2,2,0,0,0,2,2,2,2,0,2,2,2,0,1,2,1,1,0,2,2,2,2,1,1,1,2,1,1,2,1,1,0,0,1,2,1,1,0,2,2,0,2,0,1,2,2,1,0,1,1,1,2,2,1,2,1,0,0,2,2,1,1,0,0,2,1,2,2,0,0,1,1,2,1,2,2,1,1,2,1,1,2,1,1,2,1,1,0,2,1,2,1,0,0,0,0,0,2,2,1,2,1,2,0,2,1,2,1,1,2,1,2,1,2,2,2,2,2,2,2,2,0,0,1,1,2,0,2,2,2,2,0,1,1,1,2,2,2,0,2,1,2,0,2,2,0,1,0,2,0,1,1,2,2,2,1
I31,2,2,2,0,2,2,1,1,0,0,0,2,1,0,0,1,2,0,2,2,1,2,2,0,1,2,0,2,1,1,0,0,2,0,2,1,2,0,1,0,1,0,0,2,0,0,2,1,0,2,0,0,0,2,2,0,1,1,2,1,0,0,0,2,2,0,1,1,1,0,1,1,2,1,1,0,0,0,0,1,1,0,2,0,1,0,0,1,2,2,1,0,1,0,1,0,2,1,0,1,0,2,2,0,1,1,0,1,2,1,2,2,0,1,0,1,2,0,2,0,0,1,2,1,1,0,1,1,2,1,1,0,0,1,0,1,0,0,0,0,0,2,2,0,2,1,1,1,2,1,2,2,1,0,1,1,1,2,2,0,2,2,2,2,2,0,0,1,1,2,2,2,0,2,2,0,1,1,1,2,2,0,0,0,1,0,0,2,2,0,1,0,1,0,1,1,0,2,2,1
216_18,2,2,2,0,2,2,1,1,0,0,0,2,1,2,1,1,2,0,2,2,1,2,2,1,1,2,1,2,1,1,1,0,2,0,2,1,2,0,1,0,1,2,0,2,0,0,2,1,1,2,0,0,0,2,2,0,1,1,2,1,2,1,1,2,2,0,1,1,1,0,1,1,2,1,1,0,0,0,0,1,1,0,2,0,1,0,1,1,2,2,1,2,1,0,1,0,2,1,2,1,0,2,2,0,1,1,0,1,2,1,2,2,0,1,0,1,2,0,2,0,0,1,2,1,1,1,1,1,2,1,1,0,0,1,0,1,1,0,1,0,1,2,2,0,2,1,1,1,2,1,2,2,1,1,1,1,1,2,2,0,2,2,2,2,2,1,0,1,1,2,2,2,2,2,2,0,1,1,1,2,2,0,0,0,1,0,0,2,2,0,1,0,1,2,1,1,0,2,2,1
I32,2,2,2,0,2,2,1,1,0,2,0,2,1,0,2,1,2,0,2,2,1,2,2,0,1,2,1,2,1,1,0,1,2,0,2,1,2,0,1,0,1,1,0,2,0,2,2,1,0,2,0,0,1,2,2,1,1,1,2,1,1,0,1,2,2,2,1,1,1,0,1,1,2,1,1,0,2,0,0,1,1,0,2,0,1,0,0,1,2,2,1,0,1,2,1,0,2,1,0,1,2,2,2,0,1,1,1,1,2,1,2,2,1,1,0,1,2,0,2,0,2,1,2,1,1,1,1,1,2,1,1,0,0,1,2,1,0,2,0,0,2,2,2,0,2,1,1,1,2,1,2,2,1,2,1,1,1,2,2,0,2,2,2,2,2,0,0,1,1,2,2,2,0,2,2,0,1,1,1,2,2,2,0,0,1,0,0,2,2,1,1,0,1,0,1,1,1,2,2,1
216_16,2,2,2,0,2,2,1,1,0,2,1,2,1,0,2,1,2,0,2,2,1,2,2,0,1,2,1,2,1,1,0,1,2,0,2,1,2,1,1,0,1,1,0,2,0,2,2,1,0,2,0,0,1,2,2,1,1,1,2,1,1,0,1,2,2,2,1,1,1,0,1,1,2,1,1,0,2,0,0,1,1,0,2,0,1,0,0,1,2,2,1,0,1,2,1,0,2,1,0,1,2,2,2,0,1,1,1,1,2,1,2,2,1,1,1,1,2,0,2,0,2,1,2,1,1,1,1,1,2,1,1,0,0,1,2,1,0,2,0,2,2,2,2,0,2,1,1,1,2,1,2,2,1,2,1,1,1,2,2,0,2,2,2,2,2,0,0,1,1,2,2,2,0,2,2,0,1,1,1,2,2,2,0,0,1,0,2,2,2,1,1,0,1,1,1,1,1,2,2,1
216_15,2,2,2,0,2,2,1,1,0,2,1,2,1,0,2,1,2,0,2,2,1,2,2,0,1,2,1,2,1,1,2,1,2,2,2,1,2,0,1,0,1,1,0,2,0,2,2,1,0,2,0,0,1,2,2,1,1,1,2,1,1,0,1,2,2,2,1,1,1,0,1,1,2,1,1,1,2,0,0,1,1,1,2,0,1,0,0,1,2,2,1,0,1,2,1,0,2,1,0,1,2,2,2,0,1,1,1,1,2,1,2,2,1,1,0,1,2,0,2,2,2,1,2,1,1,1,1,1,2,1,1,0,0,1,2,1,0,2,0,0,2,2,2,1,2,1,1,1,2,1,2,2,1,2,1,1,1,2,2,0,2,2,2,2,2,1,0,1,1,2,2,2,0,2,2,0,1,1,1,2,2,2,2,2,1,0,1,2,2,1,1,0,1,0,1,1,1,2,2,1
Evolve tree: [&R] ((((((216_15:17,216_16:17)I32:47,216_18:64)I31:48,((216_19:14,216_20:14)I30:46,(216_21:12,216_22:12)I29:48)I28:52)I27:52,(((216_29:11,216_30:11)I26:45,216_27:56)I25:46,216_26:102)I24:62)I23:40,(((216_31:13,216_32:13)I22:87,(216_35:8,216_36:8)I21:92)I20:57,(((216_43:9,216_44:9)I19:43,(216_45:5,216_46:5)I18:47)I17:44,((216_39:8,216_40:8)I16:38,(216_41:5,216_42:5)I15:41)I14:50)I13:61)I12:47)I11:11,((((216_11:4,216_12:4)I10:44,(216_13:2,216_14:2)I9:46)I8:45,((216_8:3,216_9:3)I7:41,216_10:44)I6:49)I5:54,((216_1:41,216_3:41)I4:50,(216_6:3,216_7:3)I3:88)I2:56)I1:68)I0;