cell,r0,r1,r2,r3,r4,r5,r6,r7,r8,r9,r10,r11,r12,r13,r14,r15,r16,r17,r18,r19,r20,r21,r22,r23,r24,r25,r26,r27,r28,r29,r30,r31,r32,r33,r34,r35,r36,r37,r38,r39,r40,r41,r42,r43,r44,r45,r46,r47,r48,r49
I0,0,0,0,0,0,0,0,0,0,0,0,0,0,0,0,0,0,0,0,0,0,0,0,0,0,0,0,0,0,0,0,0,0,0,0,0,0,0,0,0,0,0,0,0,0,0,0,0,0,0
I1,1,0,0,0,2,0,1,0,1,0,0,2,0,0,1,1,1,0,0,2,0,0,0,0,0,0,1,0,0,0,0,2,2,2,0,1,1,0,0,0,0,1,1,0,0,1,1,0,2,2
I2,1,0,1,1,2,0,1,0,1,2,0,2,0,0,1,1,1,0,0,2,0,0,0,0,0,0,1,0,0,0,0,2,2,2,0,1,1,0,0,2,0,1,1,0,0,1,1,0,2,2
216_23,1,0,1,1,2,0,1,0,1,2,0,2,0,2,1,1,1,0,0,2,0,1,1,2,0,0,1,2,0,0,2,2,2,2,0,1,1,0,1,2,0,1,1,0,2,1,1,0,2,2
I3,1,2,1,1,2,0,1,2,1,2,0,2,0,0,1,1,1,0,0,2,1,0,2,0,0,2,1,0,0,1,0,2,2,2,1,1,1,0,0,2,0,1,1,1,0,1,1,0,2,2
216_22,1,2,1,1,2,0,1,2,1,2,0,2,0,0,1,1,1,0,0,2,1,0,2,0,0,2,1,0,0,1,0,2,2,2,1,1,1,0,0,2,0,1,1,1,0,1,1,0,2,2
216_21,1,2,1,1,2,0,1,2,1,2,0,2,0,0,1,1,1,0,0,2,1,0,2,0,0,2,1,0,0,1,0,2,2,2,1,1,1,0,0,2,0,1,1,1,0,1,1,0,2,2
I4,1,1,0,0,2,0,1,1,1,2,1,2,0,0,1,1,1,0,2,2,0,0,0,0,0,0,1,1,0,1,0,2,2,2,0,1,1,2,0,0,2,1,1,0,0,1,1,0,2,2
I5,1,1,0,2,2,0,1,1,1,2,1,2,0,1,1,1,1,0,2,2,0,0,0,0,2,0,1,1,0,1,1,2,2,2,0,1,1,2,1,0,2,1,1,0,2,1,1,0,2,2
216_20,1,1,0,2,2,0,1,1,1,2,1,2,0,1,1,1,1,0,2,2,0,0,0,0,2,0,1,1,0,1,1,2,2,2,0,1,1,2,1,0,2,1,1,0,2,1,1,0,2,2
216_19,1,1,2,2,2,0,1,1,1,2,1,2,0,1,1,1,1,0,2,2,0,0,0,0,2,0,1,1,0,1,1,2,2,2,0,1,1,2,1,0,2,1,1,0,2,1,1,0,2,2
I6,1,1,0,2,2,0,1,1,1,2,1,2,0,0,1,1,1,0,2,2,0,0,1,0,0,1,1,1,0,1,0,2,2,2,0,1,1,2,0,0,2,1,1,0,0,1,1,0,2,2
216_18,1,1,0,2,2,0,1,1,1,2,1,2,0,0,1,1,1,1,2,2,0,0,1,1,0,1,1,1,0,1,0,2,2,2,2,1,1,2,0,0,2,1,1,0,0,1,1,0,2,2
216_17,1,1,0,2,2,1,1,1,1,2,1,2,0,0,1,1,1,0,2,2,0,0,1,0,0,1,1,1,1,1,0,2,2,2,0,1,1,2,0,2,2,1,1,0,0,1,1,2,2,2
I7,0,0,0,1,0,0,0,0,2,2,0,1,2,0,0,0,0,0,0,2,0,0,0,0,0,0,0,1,2,0,1,0,0,0,0,0,0,0,0,0,1,0,0,2,0,0,0,0,0,0
I8,0,0,0,1,2,0,0,0,2,2,0,1,2,0,0,0,1,0,0,2,2,0,2,0,0,1,0,1,2,0,1,2,0,0,2,0,2,1,0,0,1,2,0,2,0,1,1,0,0,0
I9,0,0,0,1,2,0,0,2,2,2,1,1,2,0,2,2,1,0,2,2,2,0,2,0,2,1,0,1,2,0,1,2,0,0,2,0,2,1,0,2,1,2,0,2,0,1,1,1,0,0
I10,0,2,0,1,2,1,1,2,2,2,1,1,2,0,2,2,1,0,2,2,2,0,2,2,2,1,2,1,2,0,1,2,1,0,2,1,2,1,0,2,1,2,0,2,0,1,1,1,2,0
216_8,0,2,0,1,2,1,1,2,2,2,1,1,2,0,2,2,1,0,2,2,2,0,2,2,2,1,2,1,2,0,1,2,1,0,2,1,2,1,0,2,1,2,0,2,0,1,1,1,2,0
216_7,0,2,0,1,2,1,1,2,2,2,1,1,2,0,2,2,1,0,2,2,2,0,2,2,2,1,2,1,2,0,1,2,1,0,2,1,2,1,0,2,1,2,2,2,0,1,1,1,2,0
I11,2,0,0,1,2,0,0,2,2,2,1,1,2,0,2,2,1,0,2,2,2,0,2,1,2,1,0,1,2,2,1,2,0,0,2,0,2,1,0,2,1,2,2,2,0,1,1,1,0,0
216_5,2,0,0,1,2,0,0,2,2,2,1,1,2,0,2,2,1,2,2,2,2,0,2,1,2,1,0,1,2,2,1,2,0,0,2,0,2,1,0,2,1,2,2,2,0,1,1,1,0,0
216_6,2,0,0,1,2,0,0,2,2,2,1,1,2,0,2,2,1,1,2,2,2,0,2,1,2,1,0,1,2,2,1,2,0,0,2,0,2,1,0,2,1,2,2,2,0,1,1,1,0,0
I12,0,2,0,1,2,2,0,2,2,2,1,1,2,0,0,0,1,0,0,2,2,2,2,0,0,1,2,1,2,0,1,2,0,2,2,0,2,1,0,1,1,2,0,2,0,1,1,1,0,0
I13,0,2,0,1,2,2,0,2,2,2,1,1,2,0,0,0,1,0,1,2,2,2,2,0,0,1,2,1,2,0,1,2,0,2,2,0,2,1,0,1,1,2,0,2,1,1,1,1,0,0
216_2,0,2,0,1,2,2,0,2,2,2,1,1,2,0,0,0,1,0,1,2,2,2,2,0,0,1,2,1,2,0,1,2,0,2,2,0,2,1,0,1,1,2,0,2,1,1,1,1,0,0
216_1,0,2,0,1,2,2,0,2,2,2,1,1,2,0,0,0,1,0,1,2,2,2,2,0,0,1,2,1,2,0,1,2,2,2,2,0,2,1,1,1,1,2,0,2,1,1,1,1,0,0
I14,0,2,1,1,2,2,0,2,2,2,1,1,2,0,0,0,1,0,0,2,2,2,2,0,0,1,2,1,2,0,1,2,0,2,2,0,2,1,0,1,1,2,0,2,0,1,1,1,0,0
216_4,1,2,1,1,2,2,0,2,2,2,1,1,2,0,0,2,1,0,0,2,2,2,2,0,0,1,2,1,2,0,1,2,0,2,2,0,2,1,0,1,1,2,0,2,0,1,1,1,0,1
216_3,0,2,1,1,2,2,0,2,2,2,1,1,2,0,0,0,1,0,0,2,2,2,2,0,0,1,2,1,2,0,1,2,0,2,2,0,2,1,0,1,1,2,0,2,0,1,1,1,0,0
I15,0,0,0,1,0,0,0,0,2,2,0,1,2,0,0,0,0,1,0,2,1,1,0,0,0,0,0,1,2,1,1,2,0,0,0,0,0,0,0,0,1,0,0,2,0,0,0,2,0,0
216_12,2,1,0,1,1,1,2,0,2,2,2,1,2,2,0,1,2,1,0,2,1,1,0,0,2,0,2,1,2,1,1,2,0,2,0,1,1,1,0,2,1,2,2,2,0,0,2,2,0,2
I16,1,1,2,1,0,0,2,1,2,2,0,1,2,0,0,2,0,1,0,2,1,1,0,0,0,0,0,1,2,1,1,2,2,0,2,0,0,0,1,0,1,0,0,2,0,1,0,2,0,0
I17,1,1,2,1,0,0,2,1,2,2,0,1,2,0,0,2,0,1,0,2,1,1,0,0,0,1,0,1,2,1,1,2,2,1,2,1,0,0,1,1,1,0,0,2,2,1,0,2,0,2
216_16,1,1,2,1,2,0,2,1,2,2,2,1,2,0,0,2,0,1,0,2,1,1,0,2,0,1,0,1,2,1,1,2,2,1,2,1,0,0,1,1,1,0,0,2,2,1,0,2,2,2
216_15,1,1,2,1,0,0,2,1,2,2,0,1,2,0,0,2,0,1,0,2,1,1,0,0,0,1,0,1,2,1,1,2,2,1,2,1,2,0,1,1,1,0,2,2,2,1,0,2,0,2
I18,1,1,2,1,0,0,2,1,2,2,0,1,2,0,0,2,0,1,0,2,1,1,0,0,0,0,0,1,2,1,1,2,2,0,2,1,0,0,1,0,1,0,1,2,0,1,2,2,0,0
216_14,1,1,2,1,1,0,2,1,2,2,0,1,2,0,1,2,0,1,0,2,1,1,0,2,0,0,0,1,2,1,1,2,2,0,2,1,0,0,1,0,1,2,1,2,0,1,2,2,0,0
216_13,1,1,2,1,0,0,2,1,2,2,0,1,2,1,0,2,0,1,0,2,1,1,1,0,0,2,0,1,2,1,1,2,2,0,2,1,0,0,1,0,1,0,1,2,0,1,2,2,0,0
Evolve tree: [&R] (((((216_13:31,216_14:31)I18:49,(216_15:29,216_16:29)I17:51)I16:59,216_12:139)I15:43,(((216_3:20,216_4:20)I14:44,(216_1:19,216_2:19)I13:45)I12:67,((216_6:8,216_5:8)I11:51,(216_7:5,216_8:5)I10:54)I9:72)I8:51)I7:33,(((216_17:34,216_18:34)I6:42,(216_19:30,216_20:30)I5:46)I4:49,((216_21:7,216_22:7)I3:69,216_23:76)I2:49)I1:90)I0;