cell,r0,r1,r2,r3,r4,r5,r6,r7,r8,r9
I0,1,0,0,0,0,1,0,0,1,2
I1,1,0,0,0,2,1,0,0,1,2
216_4,1,0,0,0,2,1,0,0,1,2
216_3,1,0,0,0,2,1,0,0,1,2
I2,1,2,0,0,0,1,0,1,1,2
I3,1,2,0,0,0,1,0,1,1,2
I4,1,2,0,0,2,1,0,1,1,2
216_12,1,2,0,0,2,1,1,1,1,2
216_11,1,2,0,0,2,1,0,1,1,2
I5,1,2,0,0,2,1,0,1,1,2
216_10,1,2,0,0,2,1,2,1,1,2
216_9,1,2,0,0,2,1,0,1,1,2
I6,1,2,1,0,0,1,0,1,1,2
I7,1,2,1,0,0,1,0,1,1,2
216_6,1,2,1,0,0,1,0,1,1,2
216_5,1,2,1,0,0,1,0,1,1,2
I8,1,2,1,0,2,1,0,1,1,2
216_8,1,2,1,0,2,1,0,1,1,2
216_7,1,2,1,0,2,1,0,1,1,2
Evolve tree: [&R] ((((216_7:14,216_8:14)I8:35,(216_5:8,216_6:8)I7:41)I6:48,((216_9:14,216_10:14)I5:35,(216_11:14,216_12:14)I4:35)I3:48)I2:49,(216_3:23,216_4:23)I1:123)I0:69;