cell,r0,r1,r2,r3,r4,r5,r6,r7,r8,r9,r10,r11,r12,r13,r14,r15,r16,r17,r18,r19,r20,r21,r22,r23,r24,r25,r26,r27,r28,r29,r30,r31,r32,r33,r34,r35,r36,r37,r38,r39,r40,r41,r42,r43,r44,r45,r46,r47,r48,r49
I0,0,1,0,0,0,0,0,0,0,0,0,0,0,0,0,0,0,0,0,0,0,0,0,0,0,0,0,0,0,0,0,0,0,0,0,0,0,0,0,2,0,0,0,0,0,0,0,0,0,0
I1,0,1,0,0,0,0,2,0,1,0,0,0,0,0,0,0,2,0,2,0,0,0,0,1,0,0,2,0,2,0,0,1,0,0,0,0,0,0,0,2,0,0,2,0,1,0,0,1,0,2
I2,0,1,2,0,0,0,2,0,1,0,0,0,0,2,0,2,2,0,2,0,0,2,2,1,2,0,2,0,2,0,0,1,0,0,0,1,0,1,0,2,1,0,2,0,1,1,2,1,0,2
216_13,2,1,2,0,1,2,2,0,1,0,2,0,0,2,1,2,2,0,2,2,0,2,2,1,2,2,2,2,2,0,0,1,0,0,1,1,2,1,0,2,1,0,2,2,1,1,2,1,0,2
I3,2,1,2,0,0,0,2,0,1,0,0,0,0,2,0,2,2,0,2,0,0,2,2,1,2,0,2,2,2,0,2,1,0,0,1,1,1,1,0,2,1,0,2,0,1,1,2,1,0,2
216_16,2,1,2,0,0,0,2,0,1,0,0,0,0,2,0,2,2,0,2,0,0,2,2,1,2,0,2,2,2,0,2,1,0,0,1,1,1,1,0,2,1,0,2,0,1,1,2,1,0,2
216_15,2,1,2,0,0,0,2,0,1,0,0,0,0,2,0,2,2,0,2,0,0,2,2,1,2,0,2,2,2,0,2,1,0,0,1,1,1,1,0,2,1,0,2,0,1,1,2,1,0,2
I4,0,1,0,0,0,0,2,0,1,0,1,0,0,0,1,0,2,0,2,0,0,0,0,1,0,1,2,1,2,2,2,1,0,0,0,0,0,1,0,2,0,2,2,0,1,0,1,1,0,2
216_19,2,1,0,2,0,1,2,0,1,0,1,0,1,0,1,1,2,0,2,0,0,0,0,1,0,1,2,1,2,2,2,1,0,0,0,1,2,1,0,2,0,2,2,0,1,0,1,1,1,2
I5,0,1,0,1,0,0,2,1,1,0,1,0,0,0,1,0,2,0,2,2,1,0,1,1,0,1,2,1,2,2,2,1,0,1,0,0,2,1,2,2,0,2,2,0,1,0,1,1,0,2
216_18,0,1,0,1,0,0,2,1,1,0,1,0,2,0,1,0,2,0,2,2,1,0,1,1,0,1,2,1,2,2,2,1,0,1,0,0,2,1,2,2,0,2,2,0,1,0,1,1,0,2
216_17,0,1,0,1,1,0,2,1,1,0,1,0,0,0,1,0,2,0,2,2,1,0,1,1,0,1,2,1,2,2,2,1,0,1,0,0,2,1,2,2,0,2,2,0,1,0,1,1,0,2
I6,0,1,0,0,0,0,0,0,0,2,0,0,2,0,0,0,0,2,0,0,1,0,0,0,0,0,0,0,0,2,2,0,0,1,2,0,0,1,0,2,2,2,2,0,1,0,0,1,1,0
I7,2,1,0,0,0,0,0,0,2,2,2,0,2,0,2,0,0,2,1,0,1,0,0,2,0,2,2,1,0,2,2,0,1,1,2,0,0,1,0,2,2,2,2,0,1,1,2,1,1,1
216_3,2,1,0,0,0,2,0,0,2,2,2,2,2,0,2,0,0,2,1,0,1,0,2,2,2,2,2,1,1,2,2,1,1,1,2,0,2,1,1,2,2,2,2,2,1,1,2,1,1,1
I8,2,1,2,0,1,1,0,0,2,2,2,0,2,0,2,0,0,2,1,0,1,0,0,2,2,2,2,1,1,2,2,0,1,1,2,0,0,1,0,2,2,2,2,1,1,1,2,1,1,1
216_2,2,1,2,1,1,1,0,0,2,2,2,1,2,0,2,1,0,2,1,0,1,0,0,2,2,2,2,1,1,2,2,0,1,1,2,0,2,1,1,2,2,2,2,1,1,1,2,1,1,1
216_1,2,1,2,0,1,1,0,0,2,2,2,0,2,0,2,0,1,2,1,1,1,0,0,2,2,2,2,1,1,2,2,0,1,1,2,0,0,1,0,2,2,2,2,1,1,1,2,1,1,1
I9,1,1,0,0,0,0,0,1,0,2,0,0,2,0,0,0,1,2,0,0,1,0,0,0,0,0,0,0,2,2,2,0,0,1,2,0,0,1,0,2,2,2,2,0,1,0,0,1,1,0
I10,1,1,2,0,0,0,0,1,1,2,0,0,2,0,0,0,1,2,0,1,1,0,0,1,0,0,0,0,2,2,2,0,0,1,2,0,1,1,0,2,2,2,2,0,1,0,0,1,1,0
I11,1,1,2,0,0,0,0,1,1,2,0,0,2,0,1,2,1,2,1,1,1,0,2,1,2,0,0,0,2,2,2,0,0,1,2,0,1,1,0,2,2,2,2,0,1,0,0,1,1,2
216_8,1,1,2,0,0,0,0,1,1,2,0,0,2,0,1,2,1,2,1,1,1,0,2,1,2,0,0,0,2,2,2,0,0,1,2,0,1,1,0,2,2,2,2,0,1,0,0,1,1,2
216_7,1,1,2,0,0,0,0,1,1,2,0,0,2,0,1,2,1,2,1,1,1,0,2,1,2,0,0,0,2,2,2,0,0,1,2,0,1,1,0,2,2,2,2,0,1,0,0,1,1,2
I12,1,1,2,0,0,0,0,1,1,2,0,0,2,0,0,0,1,2,0,1,1,1,0,1,0,0,1,0,2,2,2,0,0,1,2,0,1,1,0,2,2,2,2,0,1,0,0,1,1,0
216_6,1,1,2,0,2,0,0,1,1,2,0,1,2,2,0,0,1,2,1,1,1,1,0,1,0,0,1,0,2,2,2,0,0,1,2,0,1,1,2,2,2,2,2,0,1,0,0,1,1,0
216_5,1,1,2,0,0,0,0,1,1,2,0,0,2,0,0,0,1,2,0,1,1,1,0,1,0,0,1,0,2,2,2,0,0,1,2,0,1,1,0,2,2,2,2,0,1,0,0,1,1,0
I13,1,1,0,0,0,2,1,1,2,2,0,1,2,1,0,0,1,2,2,0,1,0,2,0,0,0,0,0,2,2,2,0,0,1,2,0,0,1,1,2,2,2,2,0,1,0,0,1,1,1
216_11,1,1,0,2,0,2,1,1,2,2,0,1,2,1,1,0,1,2,2,0,1,0,2,2,0,0,1,0,2,2,2,0,2,1,2,0,0,1,1,2,2,2,2,2,1,0,0,1,1,1
216_9,1,1,0,0,2,2,1,1,2,2,0,1,2,1,0,0,1,2,2,0,1,0,2,0,0,2,0,0,2,2,2,0,0,1,2,0,0,1,1,2,2,2,2,0,1,1,0,1,1,1
Evolve tree: [&R] ((((216_9:50,216_11:50)I13:48,((216_5:12,216_6:12)I12:36,(216_7:3,216_8:3)I11:45)I10:50)I9:52,((216_1:38,216_2:38)I8:54,216_3:92)I7:58)I6:58,(((216_17:23,216_18:23)I5:62,216_19:85)I4:59,((216_15:1,216_16:1)I3:81,216_13:82)I2:62)I1:64)I0:7;