cell,r0,r1,r2,r3,r4,r5,r6,r7,r8,r9,r10,r11,r12,r13,r14,r15,r16,r17,r18,r19,r20,r21,r22,r23,r24,r25,r26,r27,r28,r29,r30,r31,r32,r33,r34,r35,r36,r37,r38,r39,r40,r41,r42,r43,r44,r45,r46,r47,r48,r49
I0,2,2,2,0,0,2,1,0,0,0,0,0,0,0,2,0,0,0,0,0,0,0,0,0,0,0,1,0,0,0,0,0,0,0,0,0,0,0,0,0,0,0,0,0,0,0,0,0,1,0
I1,2,2,2,0,0,2,1,0,0,2,1,0,0,0,2,2,0,0,2,0,0,0,2,0,1,0,1,0,0,0,0,0,0,2,0,1,0,0,0,0,0,0,2,1,0,0,0,2,1,0
I2,2,2,2,0,2,2,1,0,0,2,1,1,0,0,2,2,0,0,2,2,1,0,2,2,1,0,1,0,1,0,0,1,2,2,0,1,0,2,0,0,0,0,2,1,2,2,0,2,1,0
216_8,2,2,2,2,2,2,1,1,0,2,1,1,1,2,2,2,2,1,2,2,1,0,2,2,1,0,1,2,1,0,0,1,2,2,0,1,0,2,1,2,0,0,2,1,2,2,0,2,1,2
I3,2,2,2,0,2,2,1,0,0,2,1,1,0,0,2,2,0,0,2,2,1,2,2,2,1,0,1,0,1,0,0,1,2,2,2,1,0,2,2,0,0,0,2,1,2,2,0,2,1,0
216_6,2,2,2,2,2,2,1,0,0,2,1,1,2,0,2,2,0,0,2,2,1,2,2,2,1,0,1,0,1,1,0,1,2,2,2,1,0,2,2,0,0,0,2,1,2,2,0,2,1,0
216_5,2,2,2,0,2,2,1,2,0,2,1,1,1,2,2,2,2,1,2,2,1,2,2,2,1,0,1,0,1,0,0,1,2,2,2,1,0,2,2,0,0,0,2,1,2,2,0,2,1,2
I4,2,2,2,0,2,2,1,1,0,2,1,2,1,0,2,2,0,0,2,2,0,0,2,0,1,1,1,2,0,0,0,0,2,2,0,1,0,0,0,2,0,0,2,1,0,2,0,2,1,0
I5,2,2,2,1,2,2,1,1,0,2,1,2,1,0,2,2,0,2,2,2,0,1,2,2,1,1,1,2,0,0,0,0,2,2,0,1,2,2,1,2,2,0,2,1,0,2,1,2,1,0
216_2,2,2,2,1,2,2,1,1,2,2,1,2,1,0,2,2,0,2,2,2,0,1,2,2,1,1,1,2,0,0,0,0,2,2,0,1,2,2,1,2,2,1,2,1,0,2,1,2,1,1
216_1,2,2,2,1,2,2,1,1,0,2,1,2,1,0,2,2,1,2,2,2,0,1,2,2,1,1,1,2,0,0,0,0,2,2,0,1,2,2,1,2,2,0,2,1,2,2,1,2,1,0
I6,2,2,2,0,2,2,1,1,2,2,1,2,1,2,2,2,0,0,2,2,0,1,2,0,1,1,1,2,1,0,1,2,2,2,0,1,0,1,2,2,1,0,2,1,0,2,2,2,1,0
216_4,2,2,2,0,2,2,1,1,2,2,1,2,1,2,2,2,0,0,2,2,0,1,2,0,1,1,1,2,1,0,1,2,2,2,1,1,0,1,2,2,1,0,2,1,2,2,2,2,1,2
216_3,2,2,2,0,2,2,1,1,2,2,1,2,1,2,2,2,0,0,2,2,0,1,2,0,1,1,1,2,1,0,1,2,2,2,2,1,0,1,2,2,1,2,2,1,0,2,2,2,1,0
I7,2,2,2,0,0,2,1,1,0,0,0,0,0,0,2,0,1,0,0,0,2,1,2,0,2,0,1,2,1,0,0,2,0,1,1,0,0,0,0,1,0,0,0,0,1,0,0,2,1,0
I8,2,2,2,0,0,2,1,1,0,0,0,0,1,2,2,0,1,0,1,1,2,1,2,1,2,0,1,2,1,0,0,2,0,1,1,0,0,1,2,1,1,2,1,0,1,0,2,2,1,1
I9,2,2,2,2,0,2,1,1,2,0,2,2,1,2,2,0,1,2,1,1,2,1,2,1,2,1,1,2,1,2,0,2,0,1,1,0,1,1,2,1,1,2,1,1,1,0,2,2,1,1
216_15,2,2,2,2,0,2,1,1,2,0,2,2,1,2,2,0,1,2,1,1,2,1,2,1,2,1,1,2,1,2,0,2,0,1,1,0,1,1,2,1,1,2,1,1,1,2,2,2,1,1
216_14,2,2,2,2,0,2,1,1,2,0,2,2,1,2,2,0,1,2,1,1,2,1,2,1,2,1,1,2,1,2,0,2,0,1,1,0,1,1,2,1,1,2,1,1,1,0,2,2,1,1
I10,2,2,2,0,0,2,1,1,1,0,1,1,1,2,2,0,1,0,1,1,2,1,2,1,2,0,1,2,1,1,0,2,0,1,1,2,2,1,2,1,1,2,1,0,1,2,2,2,1,1
216_11,2,2,2,0,0,2,1,1,1,0,1,1,1,2,2,0,1,0,1,1,2,1,2,1,2,0,1,2,1,1,1,2,0,1,1,2,2,1,2,1,1,2,1,0,1,2,2,2,1,1
216_9,2,2,2,0,0,2,1,1,1,2,1,1,1,2,2,0,1,0,1,1,2,1,2,1,2,2,1,2,1,1,0,2,0,1,1,2,2,1,2,1,1,2,1,0,1,2,2,2,1,1
I11,2,2,2,0,0,2,1,1,0,0,0,0,0,0,2,0,1,0,0,0,2,1,2,0,2,0,1,2,1,1,2,2,0,1,1,2,0,1,1,1,0,0,1,0,1,0,0,2,1,0
I12,2,2,2,1,0,2,1,1,2,0,1,2,0,2,2,1,1,0,1,0,2,1,2,2,2,0,1,2,1,1,2,2,0,1,1,2,0,1,1,1,1,2,1,0,1,1,1,2,1,1
216_20,2,2,2,1,0,2,1,1,2,0,1,2,0,2,2,1,1,0,1,0,2,1,2,2,2,0,1,2,1,1,2,2,0,1,1,2,0,1,1,1,1,2,1,2,1,1,1,2,1,1
216_19,2,2,2,1,0,2,1,1,2,0,1,2,0,2,2,1,1,0,1,1,2,1,2,2,2,0,1,2,1,1,2,2,0,1,1,2,2,1,1,1,1,2,1,0,1,1,1,2,1,1
I13,2,2,2,0,2,2,1,1,0,2,0,0,0,1,2,0,1,1,0,0,2,1,2,0,2,0,1,2,1,1,2,2,1,1,1,2,2,1,1,1,0,0,1,2,1,0,0,2,1,0
216_18,2,2,2,0,2,2,1,1,0,2,0,0,1,1,2,0,1,1,0,0,2,1,2,0,2,0,1,2,1,1,2,2,1,1,1,2,2,1,1,1,0,1,1,2,1,0,1,2,1,0
I14,2,2,2,0,2,2,1,1,2,2,0,0,0,1,2,0,1,1,0,0,2,1,2,0,2,2,1,2,1,1,2,2,1,1,1,2,2,1,1,1,0,0,1,2,1,0,0,2,1,1
216_17,2,2,2,0,2,2,1,1,2,2,0,0,0,1,2,0,1,1,0,0,2,1,2,0,2,2,1,2,1,1,2,2,1,1,1,2,2,1,1,1,0,0,1,2,1,0,0,2,1,1
216_16,2,2,2,0,2,2,1,1,2,2,0,0,0,1,2,0,1,1,0,0,2,1,2,0,2,2,1,2,1,1,2,2,1,1,1,2,2,1,1,1,0,0,1,2,1,0,0,2,1,1
Evolve tree: [&R] (((((216_16:1,216_17:1)I14:39,216_18:40)I13:47,(216_19:16,216_20:16)I12:71)I11:56,((216_9:39,216_11:39)I10:46,(216_14:6,216_15:6)I9:79)I8:58)I7:41,(((216_3:33,216_4:33)I6:55,(216_1:31,216_2:31)I5:57)I4:53,((216_5:26,216_6:26)I3:50,216_8:76)I2:65)I1:43)I0:31;