cell,r0,r1,r2,r3,r4,r5,r6,r7,r8,r9,r10,r11,r12,r13,r14,r15,r16,r17,r18,r19,r20,r21,r22,r23,r24,r25,r26,r27,r28,r29,r30,r31,r32,r33,r34,r35,r36,r37,r38,r39,r40,r41,r42,r43,r44,r45,r46,r47,r48,r49
I0,0,0,0,0,0,0,0,0,0,0,0,0,0,0,0,0,0,0,0,0,0,0,0,0,0,0,0,0,0,0,0,0,0,0,0,0,0,0,0,0,0,0,0,0,0,0,0,0,0,0
I1,1,1,0,2,1,1,0,0,0,1,1,0,0,2,0,0,0,1,0,2,0,0,0,1,2,0,0,0,0,0,0,0,1,0,0,0,0,0,0,1,0,2,2,0,0,0,1,0,0,2
I2,1,1,0,2,1,1,2,0,0,1,1,0,0,2,1,0,0,1,0,2,2,1,0,1,2,0,0,1,2,0,1,0,1,0,0,0,0,2,0,1,0,2,2,2,0,0,1,0,1,2
I3,1,1,2,2,1,1,2,1,0,1,1,0,0,2,1,0,1,1,0,2,2,1,0,1,2,0,2,1,2,0,1,1,1,2,0,0,0,2,0,1,1,2,2,2,0,0,1,0,1,2
216_6,1,1,2,2,1,1,2,1,0,1,1,0,0,2,1,0,1,1,1,2,2,1,0,1,2,0,2,1,2,0,1,1,1,2,0,0,0,2,0,1,1,2,2,2,0,0,1,0,1,2
216_5,1,1,2,2,1,1,2,1,0,1,1,0,0,2,1,1,1,1,0,2,2,1,2,1,2,0,2,1,2,1,1,1,1,2,2,1,0,2,0,1,1,2,2,2,0,0,1,0,1,2
I4,1,1,0,2,1,1,2,0,0,1,1,2,2,2,1,2,1,1,0,2,2,1,2,1,2,1,0,1,2,0,1,0,1,0,1,0,1,2,0,1,2,2,2,2,0,0,1,0,1,2
216_8,1,1,0,2,1,1,2,0,0,1,1,2,2,2,1,2,1,1,2,2,2,1,2,1,2,1,0,1,2,0,1,0,1,0,1,0,1,2,0,1,2,2,2,2,1,0,1,0,1,2
216_7,1,1,0,2,1,1,2,0,2,1,1,2,2,2,1,2,1,1,1,2,2,1,2,1,2,1,0,1,2,0,1,2,1,0,1,0,1,2,0,1,2,2,2,2,2,0,1,0,1,2
I5,1,1,1,2,1,1,0,2,0,1,1,0,2,2,0,0,0,1,2,2,1,0,0,1,2,0,0,0,2,2,1,0,1,0,2,0,1,0,2,1,0,2,2,0,0,0,1,0,0,2
I6,1,1,1,2,1,1,0,2,0,1,1,0,2,2,0,0,0,1,2,2,1,0,0,1,2,0,2,0,2,2,1,0,1,1,2,0,1,0,2,1,2,2,2,0,0,0,1,2,0,2
216_4,1,1,1,2,1,1,2,2,0,1,1,0,2,2,0,2,0,1,2,2,1,0,0,1,2,0,2,0,2,2,1,0,1,1,2,0,1,0,2,1,2,2,2,0,1,0,1,2,0,2
216_3,1,1,1,2,1,1,0,2,0,1,1,0,2,2,0,0,0,1,2,2,1,0,0,1,2,0,2,2,2,2,1,0,1,1,2,0,1,0,2,1,2,2,2,0,0,0,1,2,2,2
I7,1,1,1,2,1,1,2,2,0,1,1,2,2,2,0,0,0,1,2,2,1,0,2,1,2,0,0,0,2,2,1,0,1,0,2,1,1,0,2,1,2,2,2,0,0,0,1,0,2,2
216_2,1,1,1,2,1,1,2,2,0,1,1,2,2,2,0,0,2,1,2,2,1,0,2,1,2,2,0,1,2,2,1,0,1,1,2,1,1,2,2,1,2,2,2,0,0,0,1,0,2,2
216_1,1,1,1,2,1,1,2,2,0,1,1,2,2,2,0,2,0,1,2,2,1,0,2,1,2,2,0,0,2,2,1,2,1,0,2,1,1,0,2,1,2,2,2,2,0,0,1,0,2,2
I8,0,0,0,0,1,0,0,0,0,0,0,0,0,0,0,0,0,0,0,2,1,2,0,0,0,0,1,2,0,0,2,0,0,0,0,0,0,1,2,1,0,0,0,2,0,0,0,0,0,0
I9,0,1,0,1,1,0,0,1,0,0,0,2,0,1,0,2,0,0,0,2,1,2,0,0,1,0,1,2,2,0,2,0,0,0,0,0,0,1,2,1,0,0,0,2,1,2,0,0,0,0
I10,2,1,2,1,1,0,0,1,0,0,0,2,0,1,1,2,0,0,0,2,1,2,0,0,1,0,1,2,2,0,2,0,0,0,1,0,0,1,2,1,0,0,2,2,1,2,0,0,1,0
I11,2,1,2,1,1,0,1,1,0,1,0,2,0,1,1,2,0,0,0,2,1,2,2,1,1,1,1,2,2,1,2,0,0,0,1,2,1,1,2,1,0,0,2,2,1,2,0,0,1,0
216_18,2,1,2,1,1,0,1,1,0,1,0,2,0,1,1,2,0,0,0,2,1,2,2,1,1,1,1,2,2,1,2,0,0,0,1,2,1,1,2,1,0,0,2,2,1,2,0,0,1,0
216_17,2,1,2,1,1,0,1,1,0,1,0,2,0,1,1,2,0,0,0,2,1,2,2,1,1,1,1,2,2,1,2,0,0,0,1,2,1,1,2,1,0,1,2,2,1,2,0,0,1,0
I12,2,1,2,1,1,0,1,1,0,0,0,2,0,1,1,2,0,2,2,2,1,2,2,2,1,0,1,2,2,0,2,2,1,2,1,0,2,1,2,1,0,0,2,2,1,2,2,0,1,1
216_20,2,1,2,1,1,0,1,1,0,0,0,2,0,1,1,2,0,2,2,2,1,2,2,2,1,0,1,2,2,0,2,2,1,2,1,0,2,1,2,1,0,0,2,2,1,2,2,0,1,1
216_19,2,1,2,1,1,0,1,1,0,0,0,2,0,1,1,2,0,2,2,2,1,2,2,2,1,0,1,2,2,0,2,2,1,2,1,0,2,1,2,1,0,0,2,2,1,2,2,0,1,1
I13,0,1,0,1,1,0,0,1,0,0,2,2,0,1,2,2,0,0,0,2,1,2,0,0,1,2,1,2,2,0,2,0,2,0,0,2,0,1,2,1,0,0,0,2,1,2,0,0,0,0
I14,0,1,0,1,1,2,0,1,0,0,2,2,0,1,2,2,0,0,0,2,1,2,2,0,1,2,1,2,2,0,2,1,2,0,2,2,2,1,2,1,0,1,0,2,1,2,2,0,0,0
216_22,0,1,0,1,1,2,1,1,0,0,2,2,0,1,2,2,0,0,0,2,1,2,2,0,1,2,1,2,2,0,2,1,2,0,2,2,2,1,2,1,0,1,0,2,1,2,2,0,0,0
216_21,0,1,0,1,1,2,0,1,2,2,2,2,0,1,2,2,0,0,0,2,1,2,2,0,1,2,1,2,2,0,2,1,2,0,2,2,2,1,2,1,0,1,0,2,1,2,2,0,0,0
I15,0,1,0,1,1,1,0,1,0,2,2,2,2,1,2,2,1,0,0,2,1,2,0,0,1,2,1,2,2,0,2,0,2,0,1,2,0,1,2,1,1,0,0,2,1,2,2,0,0,2
216_24,0,1,0,1,1,1,0,1,0,2,2,2,2,1,2,2,1,0,0,2,1,2,0,0,1,2,1,2,2,0,2,0,2,0,1,2,0,1,2,1,1,0,0,2,1,2,2,0,0,2
216_23,0,1,0,1,1,1,1,1,0,2,2,2,2,1,2,2,1,0,0,2,1,2,0,0,1,2,1,2,2,0,2,0,2,0,1,2,0,1,2,1,1,0,0,2,1,2,2,0,0,2
I16,1,0,0,0,1,0,0,0,0,0,0,0,0,0,0,0,0,0,0,2,1,2,0,2,0,0,1,2,0,0,2,0,2,0,0,0,0,1,2,1,0,0,0,2,0,0,1,2,2,0
216_13,1,2,2,1,1,2,0,0,0,1,0,2,0,1,1,0,1,1,1,2,1,2,0,2,2,0,1,2,2,1,2,0,2,0,0,2,2,1,2,1,1,1,0,2,2,1,1,2,2,2
I17,1,2,0,2,1,1,0,0,0,2,2,0,2,1,0,0,1,0,0,2,1,2,0,2,2,1,1,2,0,2,2,2,2,0,1,2,0,1,2,1,1,2,2,2,0,2,1,2,2,1
216_16,1,2,0,2,1,1,0,0,0,2,2,0,2,1,0,0,1,0,0,2,1,2,0,2,2,1,1,2,0,2,2,2,2,0,1,2,0,1,2,1,1,2,2,2,0,2,1,2,2,1
216_15,1,2,0,2,1,1,0,0,0,2,2,0,2,1,0,0,1,2,0,2,1,2,0,2,2,1,1,2,0,2,2,2,2,0,1,2,0,1,2,1,1,2,2,2,0,2,1,2,2,1
Evolve tree: [&R] ((((216_15:12,216_16:12)I17:126,216_13:138)I16:46,(((216_23:23,216_24:23)I15:54,(216_21:13,216_22:13)I14:64)I13:56,((216_19:13,216_20:13)I12:62,(216_17:5,216_18:5)I11:70)I10:58)I9:51)I8:31,(((216_1:36,216_2:36)I7:44,(216_3:25,216_4:25)I6:55)I5:54,((216_7:22,216_8:22)I4:56,(216_5:18,216_6:18)I3:60)I2:56)I1:81)I0;