cell,r0,r1,r2,r3,r4,r5,r6,r7,r8,r9,r10,r11,r12,r13,r14,r15,r16,r17,r18,r19,r20,r21,r22,r23,r24,r25,r26,r27,r28,r29,r30,r31,r32,r33,r34,r35,r36,r37,r38,r39,r40,r41,r42,r43,r44,r45,r46,r47,r48,r49
I0,2,0,1,2,0,0,0,0,0,0,0,0,0,0,0,0,0,0,2,2,1,0,2,2,2,1,2,0,0,0,0,0,0,0,0,0,0,0,1,0,0,1,2,0,0,0,2,2,0,0
I1,2,2,1,2,2,1,0,1,1,0,0,0,0,0,0,0,0,0,2,2,1,0,2,2,2,1,2,0,1,0,1,0,2,0,1,0,0,2,1,0,0,1,2,1,0,0,2,2,2,0
I2,2,2,1,2,2,1,0,1,1,0,0,2,0,0,2,2,0,1,2,2,1,1,2,2,2,1,2,0,1,0,1,0,2,2,1,0,0,2,1,1,0,1,2,1,0,0,2,2,2,0
216_2,2,2,1,2,2,1,0,1,1,0,0,2,0,1,2,2,0,1,2,2,1,1,2,2,2,1,2,2,1,0,1,0,2,2,1,0,0,2,1,1,1,1,2,1,0,1,2,2,2,2
216_1,2,2,1,2,2,1,0,1,1,1,0,2,2,0,2,2,1,1,2,2,1,1,2,2,2,1,2,0,1,0,1,0,2,2,1,0,0,2,1,1,0,1,2,1,2,0,2,2,2,0
I3,2,2,1,2,2,1,0,1,1,2,0,0,0,0,0,1,1,0,2,2,1,0,2,2,2,1,2,0,1,0,1,0,2,1,1,1,0,2,1,2,0,1,2,1,0,2,2,2,2,0
216_4,2,2,1,2,2,1,0,1,1,2,0,0,0,0,2,1,1,1,2,2,1,0,2,2,2,1,2,2,1,0,1,0,2,1,1,1,1,2,1,2,0,1,2,1,0,2,2,2,2,0
216_3,2,2,1,2,2,1,0,1,1,2,0,0,0,0,0,1,1,0,2,2,1,0,2,2,2,1,2,0,1,0,1,2,2,1,1,1,0,2,1,2,0,1,2,1,0,2,2,2,2,0
I4,2,1,1,2,1,1,1,1,0,0,0,1,1,2,0,0,0,0,2,2,1,0,2,2,2,1,2,0,0,0,1,0,0,0,0,0,2,0,1,0,0,1,2,0,0,0,2,2,2,1
I5,2,1,1,2,1,1,1,1,0,0,1,1,1,2,0,0,0,1,2,2,1,0,2,2,2,1,2,0,0,0,1,2,0,0,1,2,2,0,1,0,0,1,2,0,1,0,2,2,2,1
216_10,2,1,1,2,1,1,1,1,0,0,1,1,1,2,0,1,0,1,2,2,1,0,2,2,2,1,2,0,0,0,1,2,0,0,1,2,2,0,1,0,0,1,2,0,1,0,2,2,2,1
216_9,2,1,1,2,1,1,1,1,0,2,1,1,1,2,0,0,0,1,2,2,1,2,2,2,2,1,2,0,0,2,1,2,0,2,1,2,2,0,1,0,2,1,2,0,1,1,2,2,2,1
I6,2,1,1,2,1,1,1,1,0,0,0,1,1,2,0,0,2,0,2,2,1,0,2,2,2,1,2,1,0,1,1,0,0,0,0,0,2,0,1,0,0,1,2,0,2,2,2,2,2,1
I7,2,1,1,2,1,1,1,1,0,2,0,1,1,2,0,0,2,0,2,2,1,0,2,2,2,1,2,1,0,1,1,2,0,0,0,0,2,0,1,0,0,1,2,0,2,2,2,2,2,1
216_8,2,1,1,2,1,1,1,1,0,2,0,1,1,2,0,0,2,0,2,2,1,0,2,2,2,1,2,1,0,1,1,2,0,0,0,0,2,0,1,0,0,1,2,0,2,2,2,2,2,1
216_7,2,1,1,2,1,1,1,1,0,2,0,1,1,2,0,0,2,0,2,2,1,0,2,2,2,1,2,1,0,1,1,2,0,0,0,0,2,0,1,0,0,1,2,0,2,2,2,2,2,1
I8,2,1,1,2,1,1,1,1,1,0,0,1,1,2,2,0,2,1,2,2,1,0,2,2,2,1,2,1,0,1,1,0,1,0,0,0,2,0,1,0,0,1,2,0,2,2,2,2,2,1
216_6,2,1,1,2,1,1,1,1,1,0,0,1,1,2,2,0,2,1,2,2,1,0,2,2,2,1,2,1,0,1,1,0,1,2,2,0,2,0,1,0,2,1,2,0,2,2,2,2,2,1
216_5,2,1,1,2,1,1,1,1,1,0,0,1,1,2,2,0,2,1,2,2,1,0,2,2,2,1,2,1,0,1,1,0,1,0,0,0,2,0,1,0,0,1,2,0,2,2,2,2,2,1
Evolve tree: [&R] ((((216_5:5,216_6:5)I8:38,(216_7:5,216_8:5)I7:38)I6:49,(216_9:40,216_10:40)I5:52)I4:67,((216_3:45,216_4:45)I3:45,(216_1:40,216_2:40)I2:50)I1:69)I0:56;